4.089557647705078
2.3190908432006836
2.0406546592712402
2.635711669921875
1.7719475030899048
1.2689242362976074
1.0753856897354126
1.385469675064087
1.5042685270309448
1.3518246412277222
1.0930852890014648
1.2646170854568481
1.2711716890335083
1.1844851970672607
1.476954698562622
1.129123568534851
1.4542019367218018
1.0633594989776611
1.0989493131637573
1.1766786575317383
1.3994019031524658
1.0410304069519043
0.9528911709785461
1.0055992603302002
1.3012243509292603
1.1407991647720337
1.344681739807129
1.2843694686889648
1.0262759923934937
1.0312488079071045
0.9764779806137085
0.9994068741798401
1.1197457313537598
1.2461698055267334
1.0526926517486572
1.0556679964065552
1.153822660446167
0.8952867984771729
1.006883978843689
0.9743717908859253
1.5953776836395264
1.044716715812683
1.0935508012771606
1.392982006072998
0.9800961017608643
1.000040054321289
0.9577406048774719
1.668770432472229
1.0117253065109253
1.2498979568481445
1.2056403160095215
1.0096873044967651
1.0970960855484009
1.0960544347763062
1.1254959106445312
1.3306137323379517
1.158727765083313
1.0436753034591675
0.961229145526886
1.011306643486023
1.1792798042297363
0.9897617101669312
1.0488789081573486
1.103823184967041
1.1265149116516113
0.9976514577865601
1.0092415809631348
0.9040834307670593
0.9522030353546143
1.3419013023376465
0.9463125467300415
1.0751049518585205
1.0312919616699219
1.3685557842254639
1.1824454069137573
1.0288275480270386
1.4640873670578003
1.1339737176895142
1.0099830627441406
1.030987024307251
0.9738041758537292
1.0563842058181763
0.9383255839347839
1.0101070404052734
1.0461223125457764
0.9820125102996826
0.9969837665557861
0.9584845900535583
1.1238389015197754
1.0219330787658691
0.9579508900642395
1.2025175094604492
1.0129538774490356
0.9581893086433411
1.0387616157531738
1.0196501016616821
1.1467403173446655
1.0873394012451172
0.8649547696113586
1.0453273057937622
1.5511184930801392
1.528253197669983
1.022592306137085
1.1691110134124756
1.4289954900741577
1.0418250560760498
1.116669774055481
1.1831717491149902
1.1277557611465454
1.1038661003112793
0.9933609962463379
1.1978031396865845
0.9123262166976929
0.9817725419998169
1.1000030040740967
1.1905758380889893
0.9952864646911621
0.984707772731781
0.9659276008605957
0.9362534880638123
1.0631979703903198
1.432496190071106
1.0161871910095215
1.2743308544158936
0.9532349109649658
1.000292181968689
1.0114465951919556
0.9518283009529114
0.9436239004135132
1.0239156484603882
1.0113993883132935
0.9599422216415405
0.9888594150543213
0.967359721660614
1.0780643224716187
1.0482021570205688
1.2279579639434814
0.9147186875343323
0.9576298594474792
0.979179859161377
1.3323490619659424
0.9876928925514221
0.9235732555389404
0.8818765878677368
1.1336480379104614
0.9258987903594971
0.9663053154945374
1.0624643564224243
0.8167802691459656
0.9547744989395142
0.7927896976470947
0.835032045841217
0.8205235004425049
0.7640733122825623
0.9584940075874329
0.8975720405578613
0.9110605120658875
1.0443663597106934
0.8899070024490356
1.136375069618225
0.9259319305419922
0.9782115817070007
0.9220731258392334
1.0725346803665161
0.8009091019630432
0.8711932897567749
0.7728444933891296
0.7326920032501221
0.8601807355880737
0.8658043146133423
0.8872416615486145
0.8735632300376892
0.8938419222831726
1.053765892982483
0.7647825479507446
0.8859898447990417
0.858977198600769
0.8683460354804993
0.9387098550796509
0.631191611289978
0.8553464412689209
0.6211459040641785
0.7455058097839355
0.5160053968429565
0.70537930727005
0.9316741228103638
0.8459198474884033
0.6293622255325317
0.7908967733383179
0.794352650642395
0.7324472069740295
0.8718575835227966
0.6954757571220398
0.48770126700401306
0.6337019801139832
0.6907868981361389
0.7067661285400391
0.6389223337173462
0.924396276473999
0.9581754803657532
0.6297223567962646
0.7683777809143066
0.6020487546920776
0.5163978338241577
0.9018596410751343
1.3097059726715088
0.7326526045799255
0.8076977729797363
1.5960224866867065
1.1565760374069214
1.0181660652160645
0.9965813159942627
1.1376060247421265
0.9797829985618591
0.9050706624984741
0.9139624834060669
0.7332890033721924
1.1698651313781738
1.1149276494979858
0.7919431328773499
0.829062819480896
0.762319803237915
0.5590544939041138
0.9071194529533386
1.3452290296554565
0.8272321224212646
0.7965329885482788
1.1544889211654663
1.0570281744003296
0.6627072095870972
0.8171585202217102
0.7882974743843079
1.3736000061035156
0.9490710496902466
0.570828378200531
0.7729105353355408
0.9359142184257507
1.0938726663589478
0.4904845952987671
0.6633977293968201
0.7275785803794861
0.700832188129425
0.6068992018699646
0.7998945713043213
0.8571035265922546
0.8047848343849182
0.8152929544448853
0.7391891479492188
0.7337552905082703
0.7415992021560669
0.6848507523536682
0.7459131479263306
0.6395347118377686
0.5232235193252563
0.8340222239494324
0.8823788166046143
0.5386260747909546
0.9555067420005798
0.7208068370819092
0.5434801578521729
0.9020461440086365
0.8042083978652954
0.5864772200584412
0.6740104556083679
0.4761277735233307
0.3971492052078247
0.9132305383682251
0.48193711042404175
0.7259191274642944
0.7727786302566528
0.5932629108428955
1.4012614488601685
0.5859807729721069
0.5617460012435913
0.8925105333328247
0.5772314071655273
0.8467898368835449
0.7305373549461365
0.5776389837265015
0.9576067924499512
0.6411406993865967
0.5800515413284302
0.8656406998634338
0.493228942155838
0.6949105262756348
0.9287636280059814
0.6654283404350281
0.5436350107192993
0.5775773525238037
0.5881931185722351
0.6094331741333008
0.7721420526504517
0.6095622777938843
0.5432102084159851
0.7239039540290833
0.748795747756958
0.6964498162269592
0.5611544251441956
0.4402329623699188
0.880832314491272
0.738827645778656
0.5363820791244507
0.8472344279289246
0.5742501616477966
0.7936675548553467
0.6617489457130432
0.8202992081642151
0.6928278207778931
0.6244169473648071
0.6664455533027649
0.8894405364990234
0.7194399833679199
0.9635053277015686
0.5645397901535034
0.49090415239334106
0.5013019442558289
0.773425281047821
1.2135818004608154
0.681908369064331
0.8489192128181458
0.4419499933719635
0.800525963306427
0.7160323858261108
0.6361704468727112
0.9769186973571777
1.0964326858520508
0.6596240997314453
0.7349387407302856
0.8282179832458496
0.9192256927490234
1.0853887796401978
1.2310069799423218
0.6870049834251404
0.7053276896476746
0.5350330471992493
0.6105160713195801
0.6632395386695862
0.9833554625511169
0.5612962245941162
0.5041248202323914
0.5788068175315857
0.5066999197006226
0.6165425777435303
0.485900342464447
0.8845658898353577
0.7436778545379639
0.8435313701629639
0.9790864586830139
0.45348042249679565
0.5273383855819702
0.4500870108604431
0.6187196373939514
0.5048892498016357
0.7774405479431152
0.8628071546554565
0.5755714774131775
0.45254480838775635
1.0218298435211182
0.8252854943275452
0.7251089215278625
0.551389753818512
0.8506625294685364
0.6664010882377625
0.5294454097747803
0.5372546315193176
0.6068015694618225
0.5237352252006531
0.5206957459449768
0.9731680154800415
0.5831149816513062
0.4337668716907501
0.8568705916404724
0.8115570545196533
0.7783138155937195
0.5632988214492798
0.589204728603363
0.526005208492279
0.7253842949867249
0.5398041605949402
0.6964973211288452
0.8001617193222046
0.49992436170578003
0.47082310914993286
0.4361937344074249
0.902553915977478
0.7781937122344971
0.5452819466590881
0.765322744846344
0.6760990023612976
0.6827033162117004
0.5175358057022095
0.6578800678253174
0.5914621949195862
0.5096017718315125
0.5554763078689575
0.4668273627758026
0.6820464134216309
0.6973094940185547
0.6952802538871765
0.6553557515144348
0.7551913261413574
0.6566997766494751
0.6747384667396545
0.5711715221405029
0.6591265201568604
1.022754192352295
0.7711867690086365
0.7443196773529053
0.7971363067626953
0.7485175132751465
0.5162235498428345
0.7858608365058899
1.138340950012207
0.7089486718177795
0.9312347173690796
0.7461955547332764
0.719115674495697
0.5878844261169434
0.5504841208457947
0.5701026320457458
0.559457540512085
0.6743325591087341
0.589550793170929
0.5596916079521179
0.5420919060707092
0.5293550491333008
0.38508445024490356
0.6901723742485046
0.3843885064125061
0.6713144183158875
0.504517138004303
0.626754105091095
0.45500046014785767
0.5420268774032593
0.5562127828598022
0.7768818140029907
0.500705361366272
0.6047306060791016
0.7728852033615112
0.5759692192077637
0.9094592332839966
0.5352125763893127
0.6221537590026855
1.0629568099975586
0.6930059790611267
0.4593978822231293
0.5729154348373413
0.5129501223564148
0.6789791584014893
0.5246065258979797
0.576549768447876
0.506048858165741
0.6118695139884949
0.49305272102355957
0.7161508202552795
0.6032426357269287
0.699382483959198
0.5213707089424133
0.5267457962036133
0.6275632977485657
0.5449433922767639
0.42424485087394714
0.6065175533294678
0.8137986063957214
0.47626495361328125
0.6022093296051025
0.7949893474578857
0.45861512422561646
0.76094651222229
0.5208627581596375
0.74083411693573
0.9560378789901733
0.4909905195236206
0.4256037771701813
0.6908702254295349
0.5303142070770264
0.6528189778327942
0.7724694609642029
0.5111351609230042
0.4380611181259155
0.4205625057220459
0.49963057041168213
0.6958471536636353
0.6720120906829834
0.5856713652610779
0.46497875452041626
0.44269245862960815
0.6567573547363281
0.5491860508918762
0.5309450626373291
0.7419931292533875
0.6152190566062927
0.6965289115905762
0.6327124834060669
0.5749448537826538
0.519133985042572
0.4528721570968628
0.7334072589874268
0.5725364089012146
0.6152907609939575
0.4643406569957733
0.6734036803245544
0.4173051416873932
0.7768867611885071
0.5838922262191772
0.6225568652153015
0.5176442861557007
0.695950984954834
0.6809129118919373
0.7212255597114563
0.5353190898895264
0.6559687852859497
0.7266284823417664
0.7016043663024902
0.672314465045929
0.4513949155807495
0.6426723003387451
0.679301381111145
0.4644407033920288
0.6752932071685791
0.6567012667655945
0.37381625175476074
0.7594411969184875
0.6399304866790771
0.6148396134376526
0.5804851651191711
0.7690204381942749
0.47816982865333557
0.9463388323783875
0.8036758303642273
0.7964008450508118
0.4770415425300598
0.8773003220558167
0.6957146525382996
0.6530362963676453
0.5322740077972412
0.7081860899925232
0.7560855746269226
0.6021118760108948
0.584206759929657
0.6951154470443726
0.6790995597839355
0.7139317393302917
0.9868096709251404
0.6885550618171692
0.6411640048027039
0.49784550070762634
0.5748050808906555
0.6338090300559998
0.7839793562889099
0.5242211222648621
0.6694164276123047
0.8356982469558716
0.5188396573066711
0.7204518914222717
0.5877571702003479
0.6890433430671692
0.6404607892036438
0.3749818801879883
0.5689467787742615
0.7682816386222839
0.5091605186462402
0.4699954688549042
0.7464841604232788
0.8099135756492615
0.5677211880683899
0.4950413405895233
0.5158801078796387
0.5641046762466431
0.5966732501983643
0.5414639115333557
0.7057855129241943
0.546597957611084
0.6901944875717163
0.802836000919342
0.5251826643943787
0.7496252655982971
0.55033940076828
0.7043030261993408
0.4515160322189331
0.45057618618011475
0.44097474217414856
0.6628422737121582
0.5617180466651917
0.5072333812713623
0.7456934452056885
0.45596447587013245
0.6152691841125488
0.8026809692382812
0.46267786622047424
0.4736897349357605
0.6694267392158508
0.8128728270530701
0.5806102156639099
0.5829551219940186
0.6927639842033386
0.6735650897026062
0.46438124775886536
0.6010900735855103
0.647416353225708
0.6951702237129211
0.7258987426757812
0.5874018669128418
0.8258092999458313
0.5740314722061157
0.4685479700565338
0.6073434352874756
0.4620504379272461
0.7195053696632385
0.818834662437439
0.4140506386756897
0.7136083245277405
0.5822051167488098
0.5020619034767151
0.552639901638031
0.6944692134857178
0.442982017993927
0.620273768901825
0.6094483733177185
0.6781257390975952
0.5369215607643127
0.6525943279266357
0.7595341205596924
0.7107952833175659
0.5740017890930176
0.4925443232059479
0.4590478539466858
0.5014505386352539
0.48206081986427307
0.7354503870010376
0.47959527373313904
0.6859631538391113
0.6198780536651611
1.0879173278808594
0.4769096076488495
0.8306910991668701
0.8280110955238342
0.4616197645664215
0.664330005645752
0.5089119076728821
0.6962816119194031
0.5492004156112671
0.704023003578186
0.7890965342521667
0.5060887336730957
0.519530177116394
0.6157726645469666
0.5796970725059509
0.7757919430732727
0.5193645358085632
0.7900456786155701
0.6764496564865112
0.630348801612854
0.6258165836334229
0.624213695526123
0.7460705041885376
0.7828419208526611
0.5174442529678345
0.853922426700592
0.5490659475326538
0.6489091515541077
0.6106306314468384
0.5866426229476929
0.5452967882156372
0.43977469205856323
0.8413870334625244
0.6869460344314575
0.48137202858924866
0.6965032815933228
0.499552458524704
0.5955759286880493
0.5834133625030518
0.6577382683753967
0.6083329916000366
0.543444812297821
0.48061123490333557
0.5176169872283936
0.712151050567627
0.4557413160800934
0.5095536112785339
0.7026509046554565
0.4895209074020386
0.7219403982162476
0.4443558156490326
0.40880313515663147
0.7693883776664734
0.6689290404319763
0.5243924856185913
1.001969337463379
0.6364622712135315
0.5445705652236938
0.5686332583427429
0.526904821395874
0.7555992007255554
0.5854694843292236
0.4307720959186554
0.6587896943092346
0.7811691761016846
0.5117971301078796
0.5155475735664368
0.6656872630119324
0.7507520318031311
0.7730797529220581
0.5177047848701477
0.6923753619194031
0.6296616196632385
0.5793535709381104
0.438114732503891
0.855023205280304
0.5128076672554016
0.6771618723869324
0.4942222535610199
0.5203192234039307
0.4544820487499237
0.4915534555912018
0.6991862654685974
0.4343707263469696
0.5292778611183167
0.5937313437461853
0.41760748624801636
0.5425758957862854
0.7622539401054382
0.5007980465888977
0.762416660785675
0.4967656433582306
0.7534451484680176
0.6056933403015137
0.5099428296089172
0.686154305934906
0.4218863248825073
0.5169493556022644
0.7938857078552246
0.5834694504737854
0.6420953273773193
0.6278455257415771
0.8144716024398804
0.6450005173683167
0.5142853856086731
0.839702844619751
0.6889299750328064
0.6982784867286682
0.5231353640556335
0.4065910279750824
0.49997764825820923
0.5205478072166443
0.8776704668998718
0.775258481502533
0.6912691593170166
0.4155159890651703
0.6649363040924072
0.4162746071815491
0.43403321504592896
0.5920965671539307
0.5256654620170593
0.758158266544342
0.7883428335189819
0.39267870783805847
0.5398821234703064
0.7110995650291443
0.49958571791648865
0.5243028402328491
0.43950513005256653
0.42371121048927307
0.45035403966903687
0.5222432613372803
0.7201269268989563
0.44434425234794617
0.8217397332191467
0.5926413536071777
0.4350232779979706
0.696465015411377
0.507891833782196
0.5802802443504333
0.907034695148468
0.44551974534988403
0.6738482713699341
0.5775755643844604
0.6758987307548523
0.8355312347412109
0.4042953550815582
0.3513950705528259
0.6919244527816772
0.6920365691184998
0.7428463697433472
0.6919239163398743
0.5135179162025452
0.7365608215332031
0.5543950796127319
0.5739476680755615
0.8417195081710815
0.6877686977386475
0.4427829384803772
0.7456062436103821
0.7710562944412231
0.731759250164032
0.6937956213951111
0.48163360357284546
0.5500166416168213
0.47174549102783203
0.6462534070014954
0.5905488729476929
1.0208796262741089
0.5805473327636719
0.9257490634918213
0.5059520602226257
0.5896230936050415
0.6581793427467346
0.5964825749397278
0.772853672504425
0.4459722936153412
0.8152894377708435
0.7441595196723938
0.6728929281234741
0.4465653896331787
0.7948448657989502
0.6616148352622986
0.761823296546936
0.48998671770095825
0.6876662373542786
0.7142693996429443
0.5508679747581482
0.7123879194259644
0.6776291131973267
0.6663073897361755
0.6557897329330444
0.6779394745826721
0.531008780002594
0.6618265509605408
0.5379533171653748
0.3608267605304718
0.4879741668701172
0.7133890390396118
0.5101112723350525
0.5020352005958557
0.7208836078643799
0.47436976432800293
0.7033238410949707
0.4212399423122406
0.7945993542671204
0.7243331074714661
0.47249138355255127
0.4856087565422058
0.8575060367584229
0.5957506895065308
0.5433518886566162
0.6004608273506165
0.686409592628479
0.5251144170761108
0.5296851396560669
0.5224929451942444
0.6924976110458374
0.5467128157615662
0.7919585704803467
0.732363224029541
0.49300846457481384
0.5596973299980164
0.5799978375434875
0.7358701229095459
0.6480080485343933
0.48185020685195923
0.6743811964988708
0.5992910861968994
0.6210803389549255
0.4547857642173767
1.0095981359481812
0.5868303179740906
0.5199229121208191
0.5852677226066589
0.5668790936470032
0.8187882304191589
0.6539056897163391
0.9838197231292725
0.5097644925117493
0.5311020016670227
0.6520110964775085
0.6895802021026611
0.5268608331680298
0.620553731918335
0.8438434600830078
0.6364449858665466
0.5348613858222961
0.5108962059020996
0.5372046828269958
0.8009437322616577
0.49866482615470886
0.46240174770355225
0.6488087177276611
0.5472404956817627
0.4707046449184418
0.7035096883773804
0.8012998104095459
0.5926516056060791
0.8257328271865845
0.506028413772583
0.7880286574363708
0.6326479315757751
0.5979877710342407
0.4525662958621979
0.4821275770664215
0.5487191677093506
0.41029995679855347
0.4507973790168762
0.4505173861980438
0.7494019865989685
0.5239630341529846
0.4874359369277954
0.6274135112762451
0.4648173153400421
0.6263527870178223
0.5853121876716614
0.6691151261329651
0.45552608370780945
0.43817198276519775
0.5180225968360901
0.7128658890724182
0.4952727258205414
0.615861713886261
0.37501630187034607
0.7485808730125427
0.6077785491943359
0.6045180559158325
0.7233933806419373
0.7209233641624451
0.6139352917671204
0.5292041301727295
0.5001233816146851
0.5145109295845032
0.7207892537117004
0.5570446252822876
0.5796413421630859
0.8291704654693604
0.4545680284500122
0.668745219707489
0.7521609663963318
0.7049784660339355
0.5843523144721985
0.5855740308761597
0.8343237042427063
0.549491286277771
0.5801798701286316
0.5730308294296265
0.5386615991592407
0.6997631192207336
0.5004353523254395
0.54128497838974
0.472365140914917
0.41237175464630127
0.4445423185825348
0.5229654908180237
0.7494190335273743
0.47547340393066406
0.5918480753898621
0.37926003336906433
0.47016942501068115
0.4311288595199585
0.4590674638748169
0.4578397274017334
0.47641146183013916
0.6428486108779907
0.5899533629417419
0.40648946166038513
0.5866716504096985
0.6669843792915344
0.5196416974067688
0.5533621907234192
0.46865665912628174
0.6245078444480896
0.7232107520103455
0.6274749636650085
0.4393964409828186
0.40968647599220276
0.6678984761238098
0.4326910376548767
0.5327376127243042
0.44444525241851807
0.54021817445755
0.48879948258399963
0.7009601593017578
0.6163383722305298
0.45877188444137573
0.4895724356174469
0.6972678899765015
0.5006868839263916
0.40320339798927307
0.6517780423164368
0.8407205939292908
0.4843454658985138
0.4484734833240509
0.740193784236908
0.4868827164173126
0.7737908959388733
0.46021151542663574
0.4541012942790985
0.7159382104873657
0.7277700901031494
0.7746037244796753
0.5055443048477173
0.40973708033561707
0.6702539920806885
0.5531257390975952
0.4572088122367859
0.5617727041244507
0.6938192844390869
0.7964314818382263
0.3088036775588989
0.7532792091369629
0.43277642130851746
0.7442370057106018
0.5232617855072021
0.8459914922714233
0.4480418860912323
0.5075578093528748
0.45748910307884216
0.3988346755504608
0.49518465995788574
0.39296862483024597
0.43191689252853394
0.48502129316329956
0.44489020109176636
0.6105425953865051
0.5335519313812256
0.4177078306674957
0.6731199026107788
0.45466768741607666
0.4513855278491974
0.5650721192359924
0.6334725618362427
0.5815671682357788
0.5881975889205933
0.6544666886329651
0.6812059879302979
0.5550985336303711
0.4266451597213745
0.612464189529419
0.538960337638855
0.5423940420150757
0.8499480485916138
0.5961114764213562
0.7055923342704773
0.48271533846855164
0.546582043170929
0.4639977216720581
0.4424775242805481
0.5059676170349121
0.43026602268218994
0.4865477383136749
0.6828670501708984
0.5379892587661743
0.48481014370918274
0.4583117663860321
0.4061170816421509
0.6459650993347168
0.5490046143531799
0.6502076983451843
0.4187178313732147
0.6827221512794495
0.4488455057144165
0.5637737512588501
0.4196285903453827
0.37888041138648987
0.7712785601615906
0.494759202003479
0.6062875986099243
0.6720074415206909
0.4569825828075409
0.7298420071601868
0.5451962947845459
0.4822447896003723
0.7469340562820435
0.5513719320297241
0.4955761730670929
0.6309844851493835
0.7114740014076233
0.5008781552314758
0.4822070300579071
0.9573881030082703
0.6950157880783081
0.3873611092567444
0.646381139755249
0.5789045095443726
0.4923018217086792
0.500078558921814
0.7181647419929504
0.5590131878852844
0.6793325543403625
0.6864585876464844
0.6447110772132874
0.573901355266571
0.5125768780708313
0.5103077292442322
0.5337759256362915
0.6525688171386719
0.5730048418045044
0.7484403848648071
0.47639450430870056
0.6647534370422363
0.45674991607666016
0.7202034592628479
0.3818250596523285
0.5027695298194885
0.5171458721160889
0.42340996861457825
0.4784974753856659
0.7271980047225952
0.5571745038032532
0.5269103050231934
0.4144045114517212
0.634750247001648
0.6291710138320923
0.5725111365318298
0.5497127771377563
0.5960242748260498
0.6298609375953674
0.7401384115219116
0.7619831562042236
1.07771635055542
0.4820007383823395
0.7127621173858643
0.5644587874412537
0.5400456190109253
0.4928302764892578
0.5429601073265076
0.5995427966117859
0.661597490310669
0.7473454475402832
0.5123046040534973
0.8871716856956482
0.5491878390312195
0.7272638082504272
0.5226237773895264
0.5685312151908875
0.6334420442581177
0.44162246584892273
0.8346418738365173
0.4926268458366394
0.7479296326637268
0.5485053062438965
0.4398230314254761
0.3848177194595337
0.7505431175231934
0.6611711978912354
0.40446537733078003
0.7870778441429138
0.7999715209007263
0.572124183177948
0.7397732734680176
0.5827472805976868
0.4730443060398102
0.6457363963127136
0.46457695960998535
0.6657652854919434
0.37855419516563416
0.6959184408187866
0.8220903873443604
0.5200880169868469
0.5322827100753784
0.5614728331565857
0.4891536235809326
0.5883201956748962
0.5187674164772034
0.6540427207946777
0.41314697265625
0.40010449290275574
0.44774365425109863
0.3983771502971649
0.47800225019454956
0.48875197768211365
0.7065393328666687
0.45391619205474854
0.6663787961006165
0.37685516476631165
0.5178453922271729
0.5552489161491394
0.6877453327178955
0.42928847670555115
0.7750639319419861
0.5389334559440613
0.7663219571113586
0.5531890392303467
0.7235260009765625
0.7724931240081787
0.6570407748222351
0.6144728064537048
0.40444114804267883
0.6958987712860107
0.6880860924720764
0.47481682896614075
0.6729785799980164
0.4059349000453949
0.4393308162689209
0.5716378688812256
0.7293347120285034
0.6044179201126099
0.4605834186077118
0.6901593208312988
0.5987618565559387
0.6691079139709473
0.4595573842525482
0.612561047077179
0.752180814743042
0.6337528824806213
0.7389313578605652
0.6846150755882263
0.501039981842041
0.5431780219078064
0.481827050447464
0.6814997792243958
0.5363268852233887
0.42586275935173035
0.7664422392845154
0.40410515666007996
0.5825890898704529
0.5285080075263977
0.5618793368339539
0.5532318353652954
0.5282451510429382
0.673159658908844
0.4183063209056854
0.7022598385810852
0.5466238260269165
0.4808156490325928
0.45459485054016113
0.5573959946632385
0.6469444036483765
0.7649301886558533
0.5046837329864502
0.3973079025745392
0.6917135715484619
0.7018296718597412
0.6451247930526733
0.3493436574935913
0.5112866759300232
0.5078573822975159
0.6296011805534363
0.6730131506919861
0.6854901909828186
0.4184076189994812
0.4942685663700104
0.39444172382354736
0.477723091840744
0.4957309365272522
0.5219794511795044
0.3699200451374054
0.8057082295417786
0.7349351644515991
0.4757394790649414
0.6680529713630676
0.4848311245441437
0.3353375196456909
0.6718071699142456
0.7600247263908386
0.7601762413978577
0.5308085680007935
0.5752019286155701
0.5412682294845581
0.48078668117523193
0.3527568578720093
0.7303310632705688
0.6581611633300781
0.6742590069770813
0.6256315112113953
0.643707811832428
0.6098764538764954
0.44588330388069153
0.4878273904323578
0.4099540710449219
0.6756457686424255
0.43666085600852966
0.6976385712623596
0.5343882441520691
0.4214688837528229
0.6845999956130981
0.4659772515296936
0.5277833342552185
0.596233606338501
0.4053407311439514
0.7233642339706421
0.4665708839893341
0.6709436774253845
0.43026092648506165
0.4566669464111328
0.3754670023918152
0.4587549567222595
0.6469662189483643
0.4347926676273346
0.7101236581802368
0.5814567804336548
0.3955260217189789
0.7502243518829346
0.5164995193481445
0.797648012638092
0.7228031158447266
0.5272146463394165
0.44519683718681335
0.38964951038360596
0.5554981231689453
0.4073411822319031
0.6798806190490723
0.5177547931671143
0.7701407074928284
0.6175042986869812
0.4847254455089569
0.5118363499641418
0.4416636526584625
0.6622211933135986
0.4876171350479126
0.6873019933700562
0.7031021118164062
0.5573241710662842
0.9022894501686096
0.6987680196762085
0.7714968919754028
0.6724457740783691
0.520530641078949
0.4562752842903137
0.5004276633262634
0.498554527759552
0.4825426936149597
0.44932669401168823
0.47965025901794434
0.4932704269886017
0.5074437856674194
0.7086079120635986
0.6256089210510254
0.49026474356651306
0.5735222101211548
0.523944079875946
0.5459046363830566
0.5662810802459717
0.7262823581695557
0.4429534077644348
0.5349799394607544
0.6274279356002808
1.1384079456329346
0.47492703795433044
0.5725228786468506
0.8372775912284851
1.0502110719680786
0.5529521107673645
0.7761946320533752
0.6166039109230042
0.6483303308486938
0.4816725254058838
0.6992928385734558
0.7323073744773865
0.9168388843536377
0.504976212978363
0.8805683851242065
0.5776148438453674
0.39756202697753906
0.5455892086029053
0.6102861166000366
0.5107967257499695
0.5411794185638428
0.6049712300300598
0.49979496002197266
0.5821931958198547
0.418488472700119
0.5733456015586853
0.7143355011940002
0.4488649368286133
0.42715984582901
0.5000536441802979
0.3968054950237274
0.6937172412872314
0.4286938011646271
0.6677948832511902
0.5529935359954834
0.5620337128639221
0.40433594584465027
0.6452577114105225
0.6814355254173279
0.5876462459564209
0.5185831785202026
0.571763813495636
0.49100399017333984
0.5102176070213318
0.5852087140083313
0.43888431787490845
0.5461267828941345
0.5919989347457886
0.4439343214035034
0.5013722777366638
0.44974204897880554
0.5863378047943115
0.5774582624435425
0.919288158416748
0.44771724939346313
0.44523951411247253
0.7946406602859497
0.6042330861091614
0.7063127160072327
0.6154038906097412
0.7910957932472229
0.8107035160064697
0.5136770606040955
0.7047618627548218
0.6030250787734985
0.6331713795661926
0.5530356168746948
0.7787927389144897
0.4598122537136078
0.6717070937156677
0.42452162504196167
0.5521397590637207
0.45079725980758667
0.4337224066257477
0.7483262419700623
0.6594217419624329
0.6385593414306641
0.6950747966766357
0.4917728304862976
0.6309680938720703
0.7758708000183105
0.5188097953796387
0.6319460868835449
0.40347546339035034
0.41207802295684814
0.43557578325271606
0.741381824016571
0.4010082185268402
0.4417160749435425
0.4915388822555542
0.45377689599990845
0.4513756036758423
0.6939097046852112
0.4318716526031494
0.5939404964447021
0.6379071474075317
0.4611896872520447
0.6628044247627258
0.6056510806083679
0.5451164245605469
0.45392701029777527
0.49620354175567627
0.48406070470809937
0.5919536352157593
0.6678697466850281
0.43687713146209717
0.48883605003356934
0.48479899764060974
0.5228679180145264
0.45423436164855957
0.7676630616188049
0.42576083540916443
0.586370050907135
0.41970986127853394
0.5783276557922363
0.6067252159118652
0.47520214319229126
0.747428297996521
0.3547849655151367
0.44795286655426025
0.47844216227531433
0.431145578622818
0.48682379722595215
0.4063933193683624
0.6398082971572876
0.46092700958251953
0.5807913541793823
0.4845643937587738
0.45837345719337463
0.4759683310985565
0.5588449239730835
0.43924716114997864
0.6883480548858643
0.7348365783691406
0.7086870074272156
0.5239858031272888
0.808757483959198
0.8047921657562256
0.5259458422660828
0.5452823638916016
0.6051357388496399
0.54369056224823
0.6756532192230225
0.4084981679916382
0.6145649552345276
0.6936520338058472
0.6126245260238647
0.7886224985122681
0.7174698710441589
0.49193301796913147
0.4171052575111389
0.4881311058998108
0.45440781116485596
0.4443112909793854
0.6955451965332031
0.544248104095459
0.565234899520874
0.777346134185791
0.5362498164176941
0.4524857997894287
0.6308526992797852
0.4765649437904358
0.3727518916130066
0.6653448343276978
0.4137725830078125
0.7189523577690125
0.42587488889694214
0.45687335729599
0.5265083909034729
0.5453932285308838
0.506064772605896
0.4040783643722534
0.3993043899536133
0.5068417191505432
0.3652958571910858
0.6803641319274902
0.5148079991340637
0.47575196623802185
0.5931075811386108
0.5235005021095276
0.4167619049549103
0.7068712115287781
0.5368525981903076
0.47521522641181946
0.4499032497406006
0.51835036277771
0.7269682288169861
0.7652269601821899
0.5990375876426697
0.6131323575973511
0.7793866991996765
0.8459232449531555
0.4820946753025055
0.6606543660163879
0.49023571610450745
0.5527203679084778
0.7602002620697021
0.44283217191696167
0.682740330696106
0.4354190528392792
0.4472292363643646
0.6207584738731384
0.5261585116386414
0.42301231622695923
0.46403366327285767
0.6924094557762146
0.4905318021774292
0.4937273859977722
0.7207679748535156
0.5740885138511658
0.5135107040405273
0.48743972182273865
0.4764331579208374
0.4243650734424591
0.42465806007385254
0.3986087739467621
0.6324747204780579
0.7265775203704834
0.41018736362457275
0.6816964149475098
0.5485190749168396
0.46354493498802185
0.5575314164161682
0.5309045314788818
0.6378545761108398
0.5777766704559326
0.5950298309326172
0.4942799508571625
0.601875901222229
0.44175633788108826
0.4086380898952484
0.4865525960922241
0.5439878106117249
0.4751358926296234
0.48854610323905945
0.4434836208820343
0.49566730856895447
0.5684366226196289
0.5137267708778381
0.4224185645580292
0.41447025537490845
0.4199599325656891
0.3987495005130768
0.7191566228866577
0.6787970066070557
0.48085662722587585
0.6998069286346436
0.4638139605522156
0.4588244557380676
0.4136541783809662
0.4911617040634155
0.4301471412181854
0.7373098731040955
0.4780750274658203
0.4432017505168915
0.7399801015853882
0.6395294070243835
0.5204997062683105
0.45066434144973755
0.4649936258792877
0.6098229289054871
0.7995021343231201
0.6205158829689026
0.5353578329086304
0.4273053705692291
0.5104297399520874
0.6251100301742554
0.453658789396286
0.4148513078689575
0.41582217812538147
0.3891056478023529
0.7564899921417236
0.5299495458602905
0.564785897731781
0.7144070267677307
0.608930766582489
0.5829818844795227
0.5190457105636597
0.6412588357925415
0.41235920786857605
0.46166184544563293
0.571375846862793
0.683610200881958
0.3386184275150299
0.4578474760055542
0.6013557314872742
0.4581301212310791
0.6715812683105469
0.4798608720302582
0.5171533226966858
0.4857805669307709
0.393444299697876
0.4142041504383087
0.40968918800354004
0.6214066743850708
0.40858203172683716
0.5817971229553223
0.44599974155426025
0.4297718107700348
0.6157152056694031
0.58326655626297
0.7134457230567932
0.4717184901237488
0.7003753781318665
0.6762645840644836
0.6848029494285583
0.5616769790649414
0.6051217317581177
0.7245156764984131
0.4482080340385437
0.4916961193084717
0.4928184449672699
0.5071589946746826
0.42188605666160583
0.6056594252586365
0.45451629161834717
0.3736543357372284
0.8071563839912415
0.5222607254981995
0.7359632849693298
0.5794955492019653
0.42654532194137573
0.4614855647087097
0.3878616988658905
0.6943484544754028
0.7785835266113281
0.6503158807754517
0.5142209529876709
0.6379327774047852
0.6171267032623291
0.5782458186149597
0.4746752083301544
0.6409218311309814
0.7806589603424072
0.45971396565437317
0.7232203483581543
0.564375638961792
0.7373404502868652
0.5344009399414062
0.7422422170639038
0.7100010514259338
0.49624118208885193
0.6244955658912659
0.7240340709686279
0.41511794924736023
0.6501666903495789
0.6127902269363403
0.49246102571487427
0.6162336468696594
0.5349458456039429
0.6924217343330383
0.693219006061554
0.4994777739048004
0.724138617515564
0.7194228172302246
0.4566778838634491
0.40082019567489624
0.38017359375953674
0.4280890226364136
0.6352086067199707
0.6298589110374451
0.6311585903167725
0.5565503835678101
0.5934489369392395
0.6825024485588074
0.3790614604949951
0.5086863040924072
0.5279848575592041
0.3937368094921112
0.5253923535346985
0.6900863647460938
0.5818081498146057
0.47633862495422363
0.3569275140762329
0.639823853969574
0.9476192593574524
0.5981383919715881
0.4967437982559204
0.4227849245071411
0.4960556924343109
0.43154555559158325
0.692206859588623
0.48731887340545654
0.5865424871444702
0.7709773778915405
0.6066775321960449
0.4064076244831085
0.40839263796806335
0.4591478109359741
0.7648729085922241
0.4260755181312561
0.4421915113925934
0.5208662152290344
0.639322817325592
0.4490554928779602
0.5365450978279114
0.5516504645347595
0.4678341746330261
0.7134658694267273
0.432992160320282
0.456644743680954
0.6081414222717285
0.49273666739463806
0.5004163980484009
0.5168604850769043
0.44791150093078613
0.6558189988136292
0.5646370649337769
0.8822509050369263
0.535570502281189
0.6757644414901733
0.6293195486068726
0.7018305063247681
0.5685936808586121
0.48132646083831787
0.655998170375824
0.4832305610179901
0.4172486960887909
0.6549476385116577
0.3804675042629242
0.4770455062389374
0.615675151348114
0.8096557855606079
0.42780208587646484
0.42925888299942017
0.4650152921676636
0.5775116086006165
0.4825823903083801
0.43741267919540405
0.4452078342437744
0.7315475940704346
0.5192734003067017
0.3941584825515747
0.7105841636657715
0.6393736004829407
0.5430370569229126
0.6158702969551086
0.6672626733779907
0.5170969367027283
0.666707456111908
0.40051963925361633
0.7254877686500549
0.6416773200035095
0.4066058099269867
0.5554884076118469
0.4679490029811859
0.7590029835700989
0.4625285267829895
0.4297551214694977
0.6524463891983032
0.5265819430351257
0.7482365965843201
0.7225947380065918
0.7860792279243469
0.5184094905853271
0.4102069139480591
0.45014283061027527
0.476494699716568
0.5775753259658813
0.5060455203056335
0.3939233124256134
0.4848138093948364
0.4174787998199463
0.48208943009376526
0.4063069522380829
0.5673285126686096
0.5367987751960754
0.6305199265480042
0.5212056040763855
0.7434446811676025
0.6498251557350159
0.7590174078941345
0.7023806571960449
0.8336620926856995
0.48441487550735474
0.392874151468277
0.7379622459411621
0.4029403328895569
0.5858322381973267
0.5055732131004333
0.45202866196632385
0.6927790641784668
0.4988430440425873
0.4205913841724396
0.48492392897605896
0.4869457483291626
0.4797469973564148
0.47299298644065857
0.5487931370735168
0.6119176745414734
0.44605258107185364
0.44576412439346313
0.49072265625
0.4162816107273102
0.6486732959747314
0.7791668176651001
0.5719466805458069
0.6959022283554077
0.6391449570655823
0.5258690118789673
0.7078619599342346
0.4878976345062256
0.46885067224502563
0.4310421645641327
0.4422462582588196
0.4561864733695984
0.7496533393859863
0.4808000326156616
0.4352260231971741
0.44055330753326416
0.41423365473747253
0.43378621339797974
0.5094839930534363
0.7118942737579346
0.5126006603240967
0.4796830117702484
0.4973215162754059
0.464219868183136
0.49359726905822754
0.6143161654472351
0.8519996404647827
0.4351149797439575
0.6888977885246277
0.6616137623786926
0.4348304867744446
0.41113975644111633
0.7126765251159668
0.5841816067695618
0.49780750274658203
0.4013214111328125
0.4212440550327301
0.7102571725845337
0.6596057415008545
0.7684694528579712
0.6436339020729065
0.5488843321800232
0.5989562273025513
0.45885422825813293
0.5916541814804077
0.5668787956237793
0.44471633434295654
0.5868502259254456
0.720139741897583
0.5249307155609131
0.5208636522293091
0.5716729760169983
0.534045398235321
0.4412727355957031
0.7973279356956482
0.6614171862602234
0.746540367603302
0.5561449527740479
0.5302042365074158
0.7834929823875427
0.48532330989837646
0.648490846157074
0.4550040364265442
0.4726472496986389
0.5883120894432068
0.4779743254184723
0.6554747223854065
0.4311012625694275
0.5025773048400879
0.36702075600624084
0.7166088819503784
0.6799272298812866
0.7408302426338196
0.6230738759040833
0.518871545791626
0.5415613055229187
0.8726542592048645
0.532076895236969
0.5137795805931091
0.4685714840888977
0.6670686602592468
0.5595644116401672
0.4698001444339752
0.7008219361305237
0.5457249879837036
0.46651530265808105
0.5317347049713135
0.7318294048309326
0.8198614716529846
0.6292485594749451
0.5510357022285461
0.3363407850265503
0.771786093711853
0.5895628929138184
0.4337395131587982
0.5952349305152893
0.44360968470573425
0.4367060363292694
0.692050576210022
0.7259957194328308
0.5363994240760803
0.614025354385376
0.442598432302475
0.593375563621521
0.41679251194000244
0.419180691242218
0.44869282841682434
0.6133595108985901
0.6308949589729309
0.4268949031829834
0.41505011916160583
0.683566153049469
0.4365663230419159
0.7108829617500305
0.3777858018875122
0.4810315668582916
0.5321614146232605
0.525168776512146
0.6599741578102112
0.649486243724823
0.3885642886161804
0.49580714106559753
0.37736496329307556
0.44809818267822266
0.70653235912323
0.5124994516372681
0.6380800604820251
0.6204590201377869
0.5048784017562866
0.4654175937175751
0.6132218241691589
0.6037408709526062
0.6641970276832581
0.41563770174980164
0.6094446778297424
1.2095613479614258
0.4218481481075287
0.4195340871810913
0.37591552734375
0.45137545466423035
0.6639379858970642
0.4938869774341583
0.5280495285987854
0.5168066620826721
0.6394512057304382
0.5895700454711914
0.7255445718765259
0.3341147303581238
0.7428103089332581
0.6134689450263977
0.5026227235794067
0.7261555194854736
0.5370762348175049
0.7557735443115234
0.6861476898193359
0.7013541460037231
0.5656384825706482
0.7898771166801453
0.704192578792572
0.5505626797676086
0.45326536893844604
0.5945906043052673
0.4680498540401459
0.6226627230644226
0.4920249879360199
0.4066573679447174
0.4517490267753601
0.48343077301979065
0.47318100929260254
0.46145710349082947
0.5469048023223877
0.433365136384964
0.4146447479724884
0.4286922514438629
0.8029176592826843
0.4686289131641388
0.6121659278869629
0.6283924579620361
0.44306492805480957
0.6611374616622925
0.5148030519485474
0.5110723376274109
0.456227570772171
0.483936607837677
0.6672950983047485
0.4253833293914795
0.45988327264785767
0.5951046943664551
0.5324162840843201
0.6607910990715027
0.5030598640441895
0.6883350610733032
0.6870918869972229
0.4910021126270294
0.5322580933570862
0.41121262311935425
0.381969153881073
0.6339842677116394
0.6274799704551697
0.543684184551239
0.44891953468322754
0.4121752679347992
0.5711896419525146
0.46779465675354004
0.39704298973083496
0.4711337685585022
0.6533927321434021
0.39681902527809143
0.5833236575126648
0.6987168788909912
0.502185583114624
0.7248724102973938
0.7200037240982056
0.39374005794525146
0.5168416500091553
0.5357415676116943
0.6854626536369324
0.6705913543701172
0.6229528188705444
0.5871673822402954
0.4662388563156128
0.4301776885986328
0.4628417491912842
0.41368407011032104
0.4661533832550049
0.7256448268890381
0.7669535875320435
0.46368545293807983
0.4566820561885834
0.4261184334754944
0.659839391708374
0.46936237812042236
0.699332058429718
0.4684978127479553
0.3820190131664276
0.49270954728126526
0.5990707874298096
0.6804970502853394
0.6333865523338318
0.4002821445465088
0.6469317674636841
0.6119983792304993
0.7049487829208374
0.58609938621521
0.44834452867507935
0.6679990887641907
0.45186033844947815
0.6504623293876648
0.4251268804073334
0.5044825077056885
0.49419718980789185
0.573617696762085
0.6967215538024902
0.46732398867607117
0.7041072249412537
0.4497046172618866
0.7405683398246765
0.7671780586242676
0.6998937129974365
0.7238083481788635
0.511561393737793
0.34540611505508423
0.43854817748069763
0.4781765043735504
0.4444102346897125
0.4936735928058624
0.4751374125480652
0.36519360542297363
0.4705215394496918
0.6448293924331665
0.434017539024353
0.7360360622406006
0.6038976311683655
0.6607011556625366
0.7212952375411987
0.4384075105190277
0.6950364112854004
0.7343840599060059
0.7436752915382385
0.552133321762085
0.6418110728263855
0.6570447683334351
0.680123507976532
0.7455975413322449
0.6921356320381165
0.4810120761394501
0.5388122797012329
0.7077123522758484
0.40190640091896057
0.4674395024776459
0.532656192779541
0.4437302052974701
0.4487028419971466
0.5152393579483032
0.4393908679485321
0.46056661009788513
0.42112135887145996
0.4717535376548767
0.46701717376708984
0.6470751762390137
0.4429642856121063
0.4620199203491211
0.4624869227409363
0.3682957887649536
0.47401249408721924
0.525985598564148
0.4444543719291687
0.6421604752540588
0.5084827542304993
0.4502011835575104
0.5284433960914612
0.4930541515350342
0.6719592809677124
0.4652814567089081
0.3686148524284363
0.5140678882598877
0.6137951016426086
0.5923831462860107
0.507980465888977
0.6391050219535828
0.4964722692966461
0.6108058094978333
0.42770156264305115
0.8050442337989807
0.4628056287765503
0.5800966024398804
0.386434406042099
0.827060878276825
0.5816000699996948
0.4916159510612488
0.46664878726005554
0.3999013602733612
0.5711953639984131
0.4548846483230591
0.6620739698410034
0.6919513940811157
0.5008533596992493
0.4721551537513733
0.462941974401474
0.739886999130249
0.4157933294773102
0.4287175238132477
0.5074889659881592
0.7130882740020752
0.38192009925842285
0.4270150065422058
0.48770520091056824
0.6982803344726562
0.6246591210365295
0.4409164488315582
0.6034989356994629
0.6938781142234802
0.5673174858093262
0.5795237421989441
0.5686005353927612
0.7084329128265381
0.42601531744003296
0.7126148343086243
0.4379410147666931
0.4898581802845001
0.5537540912628174
0.46837279200553894
0.365180104970932
0.4751718044281006
0.6081708073616028
0.5826672315597534
0.4424571096897125
0.6122809052467346
0.4411381781101227
0.4523642659187317
0.5647476315498352
0.6735482215881348
0.5976375341415405
0.6181818246841431
0.6589002013206482
0.4147464632987976
0.4228688180446625
0.6752855777740479
0.6867398619651794
0.656596839427948
0.6021167635917664
0.5970819592475891
0.4768925905227661
0.4364760220050812
0.7447147369384766
0.5946089029312134
0.4315918982028961
0.5383927226066589
0.41395771503448486
0.7062541842460632
0.6912070512771606
0.6983949542045593
0.7010966539382935
0.6077583432197571
0.6796972751617432
0.4712081849575043
0.4318327009677887
0.3996984362602234
0.433788537979126
0.6711287498474121
0.38881629705429077
0.393142431974411
0.4249328672885895
0.7892736196517944
0.4115469455718994
0.45416510105133057
0.4263180196285248
0.8110312819480896
0.4199812412261963
0.4254415035247803
0.4174233376979828
0.4566953182220459
0.4336848855018616
0.4448736906051636
0.6158719062805176
0.7159202098846436
0.42936456203460693
0.44000232219696045
0.36579468846321106
0.4245774447917938
0.4905439615249634
0.6352354884147644
0.8117873668670654
0.6693804264068604
0.5402935743331909
0.5556537508964539
0.6485268473625183
0.6381049156188965
0.4657134711742401
0.716351330280304
0.44743210077285767
0.6585614681243896
0.768398106098175
0.43477749824523926
0.6526394486427307
0.4168323576450348
0.7113614678382874
0.4254762530326843
0.639172375202179
0.4321385622024536
0.5069334506988525
0.4848850965499878
0.36427921056747437
0.4806588888168335
0.592769980430603
0.7765620946884155
0.5906671285629272
0.4862748086452484
0.4228305518627167
0.3786553144454956
0.4051802158355713
0.4763750731945038
0.6306251287460327
0.789517879486084
0.46791407465934753
0.5213822722434998
0.4891981780529022
0.495879590511322
0.400460422039032
0.45703911781311035
0.7271671891212463
0.506288468837738
0.4727979898452759
0.43058621883392334
0.3792821168899536
0.6090834140777588
0.434941828250885
0.6874337196350098
0.5489391684532166
0.40590009093284607
0.5878300070762634
0.49625399708747864
0.7812972068786621
0.7635396718978882
0.42389926314353943
0.4017811119556427
0.3850308954715729
0.49418696761131287
0.7034923434257507
0.37102755904197693
0.7158064246177673
0.5089930295944214
0.41034987568855286
0.4428020119667053
0.4316318929195404
0.7266898155212402
0.4750382900238037
0.7595790028572083
0.6101062297821045
0.809498131275177
0.5438979268074036
0.43822041153907776
0.38411957025527954
0.4029228091239929
0.45135143399238586
0.490902304649353
0.3467543125152588
0.43963542580604553
0.42303627729415894
0.5837621092796326
0.5072984099388123
0.6686174869537354
0.4251914322376251
0.38250407576560974
0.7826167941093445
0.48829734325408936
0.7345583438873291
0.5408810973167419
0.3362518548965454
0.39470648765563965
0.6221020221710205
0.8367724418640137
0.46443572640419006
0.4771261513233185
0.44368836283683777
0.7384883761405945
0.6761447787284851
0.6071047782897949
0.39165976643562317
0.404931902885437
0.5230066180229187
0.5905278921127319
0.6416060924530029
0.5433809161186218
0.4288296401500702
0.47817254066467285
0.431310772895813
0.5130597949028015
0.7849475145339966
0.4409368932247162
0.7111107110977173
0.6642823219299316
0.3614038825035095
0.5712249279022217
0.7389613389968872
0.4483461380004883
0.49576279520988464
0.6677459478378296
0.6941468715667725
0.37054842710494995
0.6642840504646301
0.43464452028274536
0.5165594220161438
0.496257483959198
0.45640677213668823
0.5123381018638611
0.4376339316368103
0.5008531212806702
0.459644079208374
0.5867789387702942
0.507831871509552
0.46368011832237244
0.47256600856781006
0.438469797372818
0.7246315479278564
0.3795750141143799
0.3756372034549713
0.41053617000579834
0.4256686270236969
0.6972285509109497
0.7176664471626282
0.4399997591972351
0.6280075311660767
0.4646824300289154
0.6688913106918335
0.43128302693367004
0.7380008101463318
0.725351095199585
0.4848676323890686
0.4292134940624237
0.39349165558815
0.44224032759666443
0.4387211203575134
0.7173407673835754
0.4712246358394623
0.510511040687561
0.4088817536830902
0.42060625553131104
0.4794980585575104
0.3792828619480133
0.5417426228523254
0.5370573997497559
0.6032842397689819
0.5088723301887512
0.649688184261322
0.6212714910507202
0.5213754773139954
0.3845556378364563
0.3681480288505554
0.4447491466999054
0.5238247513771057
0.4389013648033142
0.398727148771286
0.7005784511566162
0.5381790995597839
0.6729145646095276
0.5911312699317932
0.4419132173061371
0.5173125267028809
0.8111421465873718
0.5487524271011353
0.40033653378486633
0.4389902949333191
0.639384925365448
0.6447470784187317
0.48828810453414917
0.46490588784217834
0.5184563398361206
0.5681343674659729
0.5798187255859375
0.35279613733291626
0.6156864762306213
0.5008080005645752
0.5977429151535034
0.3931281566619873
0.4007813334465027
0.4969932436943054
0.43387675285339355
0.6363674402236938
0.48086774349212646
0.6777433156967163
0.46658462285995483
0.444192498922348
0.46448731422424316
0.49182337522506714
0.6280181407928467
0.45110008120536804
0.6624908447265625
0.5224142670631409
0.4220273494720459
0.45621368288993835
0.4739547669887543
0.4108524024486542
0.7237802147865295
0.7270426154136658
0.48407718539237976
0.4525637924671173
0.5150843262672424
0.6240369081497192
0.5292229056358337
0.690336287021637
0.4927864372730255
0.44301536679267883
0.3840641677379608
0.49437975883483887
0.42844530940055847
0.7002493143081665
0.4485377073287964
0.5392327308654785
0.5506494641304016
0.44378289580345154
0.6699002981185913
0.591209352016449
0.421534925699234
0.48146262764930725
0.7707626819610596
0.49620479345321655
0.4669354557991028
0.5061458349227905
0.5440961718559265
0.49424874782562256
0.761260986328125
0.4549974203109741
0.4038809835910797
0.7187747359275818
0.378126859664917
0.5708321928977966
0.7416520714759827
0.4812609851360321
0.4092118442058563
0.6252766847610474
0.394241601228714
0.6293179392814636
0.674294114112854
0.39156991243362427
0.43884551525115967
0.4587830603122711
0.7759351134300232
0.7519696950912476
0.43706828355789185
0.6590221524238586
0.36654797196388245
0.7277190685272217
0.7795634269714355
0.39936307072639465
0.4199256896972656
0.5105518698692322
0.4471244812011719
0.6232873797416687
0.4171428978443146
0.8255106210708618
0.7992466688156128
0.63125079870224
0.37553513050079346
0.41642555594444275
0.45681971311569214
0.3766993582248688
0.4244675040245056
0.7416937351226807
0.7106737494468689
0.3964904844760895
0.46063071489334106
0.4550313949584961
0.674522876739502
0.42643988132476807
0.4231165647506714
0.4855957329273224
0.6533204913139343
0.43572425842285156
0.5729612112045288
0.717116117477417
0.44436410069465637
0.4607156813144684
0.43181103467941284
0.43013274669647217
0.4331170320510864
0.4152557849884033
0.6296139359474182
0.5027984380722046
0.6795843243598938
0.4599466621875763
0.626386284828186
0.42976582050323486
0.38501259684562683
0.39097800850868225
0.4525200128555298
0.6577264666557312
0.4891262352466583
0.3661539852619171
0.435785710811615
0.48321714997291565
0.6318827271461487
0.711007833480835
0.43880656361579895
0.4537845849990845
0.43319323658943176
0.6492732167243958
0.6609581112861633
0.46908292174339294
0.6254315972328186
0.5430803298950195
0.4289689362049103
0.4229547083377838
0.41207563877105713
0.7056189179420471
0.7224414348602295
0.646959125995636
0.44435206055641174
0.46267983317375183
0.5105888247489929
0.6802234649658203
0.6353996396064758
0.4011254608631134
0.3535885512828827
0.6571758985519409
0.4394491910934448
0.6183655261993408
0.4101010262966156
0.4360666573047638
0.46964845061302185
0.4790500998497009
0.40844061970710754
0.6499378085136414
0.4093336760997772
0.5034245848655701
0.5121036171913147
0.6403776407241821
0.40157008171081543
0.5710048079490662
0.5014795660972595
0.45771875977516174
0.3754403591156006
0.42637962102890015
0.7204102873802185
0.3913191556930542
0.4712589383125305
0.47571757435798645
0.4451702833175659
0.7501714825630188
0.67536461353302
0.69440758228302
0.4562782347202301
0.5971558690071106
0.404041588306427
0.355291485786438
0.5273200273513794
0.3706711530685425
0.7059894800186157
0.5832691192626953
0.4138851463794708
0.6848428249359131
0.6339876055717468
0.6700126528739929
0.5170854926109314
0.4329462945461273
0.4587148427963257
0.6730703711509705
0.48435425758361816
0.7464755773544312
0.39668822288513184
0.504876971244812
0.45301491022109985
0.7072746157646179
0.46709302067756653
0.4678747057914734
0.5508262515068054
0.4872535765171051
0.3986837863922119
0.6250737905502319
0.40632879734039307
0.41908302903175354
0.7299572825431824
0.5286769866943359
0.4628024995326996
0.4792748987674713
0.376373827457428
0.5038068890571594
0.3728089928627014
0.6766552925109863
0.37970879673957825
0.6074563264846802
0.4331114590167999
0.44300979375839233
0.6844835877418518
0.3822304606437683
0.3868522644042969
0.47959038615226746
0.43279892206192017
0.6776493787765503
0.5234523415565491
0.483469158411026
0.6530314683914185
0.45527344942092896
0.6789209842681885
0.38752710819244385
0.5850726962089539
0.3875292241573334
0.5143455266952515
0.4212096929550171
0.5134438872337341
0.7413771152496338
0.6333279609680176
0.645549476146698
0.6840974688529968
0.6974574327468872
0.7526763677597046
0.4461739659309387
0.46190860867500305
0.48748528957366943
0.4465176463127136
0.5070695281028748
0.6615536212921143
0.6457176208496094
0.3842110335826874
0.7356902956962585
0.8275787234306335
0.47625693678855896
0.5327817797660828
0.41512176394462585
0.41481438279151917
0.5473224520683289
0.4757158160209656
0.45415863394737244
0.6738929748535156
0.4699532985687256
0.5509898662567139
0.390379399061203
0.5412988066673279
0.4122275412082672
0.4039780795574188
0.4277631640434265
0.6828742027282715
0.4001981019973755
0.6577571034431458
0.6533369421958923
0.5115993618965149
0.577838122844696
0.41471627354621887
0.44295525550842285
0.6007055044174194
0.4600570797920227
0.7001857757568359
0.6234169602394104
0.4047475755214691
0.38998210430145264
0.5943451523780823
0.4354883134365082
0.5447143316268921
0.46806854009628296
0.6456629037857056
0.3614984452724457
0.5197103023529053
0.39479538798332214
0.7192598581314087
0.5950016975402832
0.414277583360672
0.5093183517456055
0.5058488249778748
0.4281568229198456
0.7680846452713013
0.41717320680618286
0.727236270904541
0.6744316220283508
0.5103027820587158
0.6059776544570923
0.5817896127700806
0.48152926564216614
0.6108498573303223
0.38962677121162415
0.4714857339859009
0.4111417829990387
0.7224116325378418
0.462568461894989
0.48425281047821045
0.5970443487167358
0.49559202790260315
0.6855189800262451
0.46196115016937256
0.5775501132011414
0.3879903554916382
0.7690633535385132
0.6285527944564819
0.4797053039073944
0.6163499355316162
0.44629260897636414
0.46024635434150696
0.6372861862182617
0.46463024616241455
0.4784427583217621
0.6533144116401672
0.695351243019104
0.6883938312530518
0.41247665882110596
0.6965866684913635
0.48558899760246277
0.4025573432445526
0.631781816482544
0.5787131786346436
0.4443425238132477
0.4935866892337799
0.60173499584198
0.35915786027908325
0.41320279240608215
0.4804365932941437
0.43079128861427307
0.585512638092041
0.7639518976211548
0.65871262550354
0.5301659107208252
0.49848172068595886
0.7464740872383118
0.4866274893283844
0.5996351838111877
0.46615052223205566
0.6408167481422424
0.5106545686721802
0.4534248411655426
0.6531904339790344
0.40739309787750244
0.4533754587173462
0.8442856073379517
0.48390138149261475
0.4774947464466095
0.5241430401802063
0.6206597685813904
0.5387359857559204
0.658674418926239
0.47778525948524475
0.6934726238250732
0.7786086201667786
0.4275858998298645
0.7177998423576355
0.46346554160118103
0.42951950430870056
0.6615161299705505
0.681973397731781
0.7864892482757568
0.4769846796989441
0.4148939251899719
0.5460712909698486
0.49651893973350525
0.6003050804138184
0.4210599660873413
0.5191460251808167
0.49864158034324646
0.4331256151199341
0.4788670241832733
0.5235392451286316
0.3937424421310425
0.7250257730484009
0.6666788458824158
0.4885397255420685
0.6491187214851379
0.4566827416419983
0.6056206822395325
0.6993860006332397
0.5249822735786438
0.5313762426376343
0.6269432306289673
0.378178209066391
0.6430729627609253
0.5097854733467102
0.46257519721984863
0.3761386573314667
0.45291441679000854
0.4060603082180023
0.501279354095459
0.48780736327171326
0.44636818766593933
0.31816187500953674
0.48423531651496887
0.35587483644485474
0.41888412833213806
0.5038421154022217
0.4537375569343567
0.39062729477882385
0.41375458240509033
0.4261448383331299
0.5840293765068054
0.3862602114677429
0.7209426760673523
0.4785558581352234
0.604796290397644
0.4209056794643402
0.5242354869842529
0.596763551235199
0.45981162786483765
0.43531253933906555
0.41403472423553467
0.4548124670982361
0.41695937514305115
0.47974440455436707
0.34310877323150635
0.4421795904636383
0.5472296476364136
0.42795613408088684
0.45005255937576294
0.3875785171985626
0.5727736949920654
0.4731796979904175
0.6260045766830444
0.34998148679733276
0.6627463698387146
0.375294953584671
0.37005680799484253
0.5564000606536865
0.3743690550327301
0.5293232202529907
0.3605312705039978
0.399841845035553
0.46594569087028503
0.4367743730545044
0.4619196951389313
0.457800954580307
0.5138153433799744
0.5563449263572693
0.5057165622711182
0.5717451572418213
0.6853887438774109
0.33854401111602783
0.45452073216438293
0.7466915249824524
0.4058993458747864
0.5268951654434204
0.4624248445034027
0.6195763349533081
0.5948398113250732
0.5361133813858032
0.3814786672592163
0.4858744740486145
0.38717615604400635
0.5411514043807983
0.4503351151943207
0.5029342174530029
0.4473244547843933
0.37328028678894043
0.34012019634246826
0.49861785769462585
0.6357328295707703
0.7002151012420654
0.34770792722702026
0.39954113960266113
0.4639280438423157
0.515372097492218
0.6422432661056519
0.48671066761016846
0.43420982360839844
0.44940611720085144
0.3820486068725586
0.6705046892166138
0.4903201162815094
0.7423392534255981
0.4674144983291626
0.650605320930481
0.4468138813972473
0.4343525767326355
0.7610596418380737
0.513438880443573
0.6913977861404419
0.661419689655304
0.45229461789131165
0.6007499694824219
0.6672884225845337
0.4501451253890991
0.4932693541049957
0.49179399013519287
0.6444427967071533
0.49931132793426514
0.597533106803894
0.3779773712158203
0.45447415113449097
0.48431622982025146
0.57235187292099
0.4779442548751831
0.41326001286506653
0.45042741298675537
0.43489187955856323
0.3756171464920044
0.5553536415100098
0.762284517288208
0.7088986039161682
0.5580106377601624
0.6981034874916077
0.4677499532699585
0.4584933817386627
0.5002343058586121
0.670309841632843
0.540093183517456
0.6761714220046997
0.4259376525878906
0.4403461217880249
0.4424787759780884
0.7972165942192078
0.629630446434021
0.6775125861167908
0.46493464708328247
0.49853515625
0.6522584557533264
0.4645354449748993
0.6485798358917236
0.5232020020484924
0.7969300150871277
0.5056942105293274
0.4259621500968933
0.6335200667381287
0.36354100704193115
0.6761448383331299
0.6559097766876221
0.37156450748443604
0.3809371292591095
0.7629415988922119
0.37445464730262756
0.44517752528190613
0.5048850774765015
0.4714639186859131
0.4316282272338867
0.5667610168457031
0.5958124399185181
0.6818395256996155
0.7255511283874512
0.37050071358680725
0.4761987030506134
0.44352081418037415
0.49167728424072266
0.38684913516044617
0.3986358344554901
0.6699646711349487
0.37778162956237793
0.4321414828300476
0.7207213640213013
0.48345309495925903
0.49434059858322144
0.42410194873809814
0.5867443680763245
0.43184950947761536
0.49904799461364746
0.7278324961662292
0.37783774733543396
0.7174156904220581
0.6228581070899963
0.6858920454978943
0.4713774621486664
0.6315072774887085
0.37597599625587463
0.6362705826759338
0.39520934224128723
0.6249415874481201
0.4191015660762787
0.43438607454299927
0.4075046181678772
0.6600680351257324
0.35707786679267883
0.5173261761665344
0.35308918356895447
0.6495584845542908
0.5986611843109131
0.4107145667076111
0.6436653733253479
0.672682523727417
0.4200333058834076
0.4550793468952179
0.4903218150138855
0.515220046043396
0.3846043050289154
0.46525028347969055
0.41129225492477417
0.42440280318260193
0.4400011897087097
0.4746508002281189
0.6842626333236694
0.5953720808029175
0.33220136165618896
0.6395902037620544
0.4681932330131531
0.4986157715320587
0.5075978636741638
0.5057117938995361
0.6357863545417786
0.3867838680744171
0.5469659566879272
0.6866967678070068
0.4207744300365448
0.6808251142501831
0.4722924530506134
0.5589380860328674
0.7242030501365662
0.598452091217041
0.42876705527305603
0.6103153824806213
0.45989155769348145
0.49066025018692017
0.41808414459228516
0.4748176634311676
0.35377052426338196
0.6478517055511475
0.6716207265853882
0.45882946252822876
0.6968947052955627
0.35380133986473083
0.4723958671092987
0.6511277556419373
0.46675506234169006
0.5202975273132324
0.7434837818145752
0.6845988631248474
0.4086170196533203
0.6941449046134949
0.4137941002845764
0.5872541069984436
0.44833049178123474
0.6568396091461182
0.4824751913547516
0.6638765931129456
0.6985157132148743
0.6006565690040588
0.5749908685684204
0.43517738580703735
0.4414668679237366
0.3509443998336792
0.4563620388507843
0.6068536639213562
0.43720871210098267
0.3427619934082031
0.5531240701675415
0.6672656536102295
0.6454991698265076
0.5049794912338257
0.4864499270915985
0.4333858788013458
0.31886398792266846
0.6171059012413025
0.6179066300392151
0.3612704873085022
0.6467111110687256
0.46951377391815186
0.6979654431343079
0.6348558664321899
0.5997826457023621
0.6872137188911438
0.42040276527404785
0.43605750799179077
0.6264926195144653
0.4269128441810608
0.44650596380233765
0.451706200838089
0.44211024045944214
0.4272797107696533
0.6826041340827942
0.6704997420310974
0.8823661208152771
0.4735782742500305
0.5569141507148743
0.39538681507110596
0.4989303648471832
0.3493996560573578
0.7966452240943909
0.6550237536430359
0.49398863315582275
0.40162497758865356
0.47785091400146484
0.4619784653186798
0.37350815534591675
0.4814720153808594
0.5858609080314636
0.4538894593715668
0.5324781537055969
0.33928367495536804
0.6187114119529724
0.5520419478416443
0.7258407473564148
0.5210859775543213
0.5580458045005798
0.45293328166007996
0.4832284152507782
0.7093585729598999
0.5099160671234131
0.43071267008781433
0.4372396469116211
0.6857384443283081
0.5827755928039551
0.40182918310165405
0.3582409620285034
0.5090545415878296
0.4409506916999817
0.4816246032714844
0.6284971833229065
0.43552127480506897
0.6248327493667603
0.41722729802131653
0.41062626242637634
0.44315433502197266
0.6876661777496338
0.4215804636478424
0.43995797634124756
0.46149539947509766
0.7804669737815857
0.47230640053749084
0.42679667472839355
0.4875568747520447
0.7270436882972717
0.37873196601867676
0.4793291985988617
0.45317569375038147
0.4852522313594818
0.4415201246738434
0.6083580255508423
0.6489026546478271
0.40117669105529785
0.39932453632354736
0.5830175876617432
0.740522027015686
0.3770183324813843
0.5115378499031067
0.5879941582679749
0.568031370639801
0.49840736389160156
0.4428081512451172
0.44734060764312744
0.648556649684906
0.678310751914978
0.3642849326133728
0.6950169205665588
0.3685919940471649
0.6829016804695129
0.4241940975189209
0.5659496784210205
0.6426087021827698
0.5159006118774414
0.6647533178329468
0.6852792501449585
0.4422532021999359
0.37493669986724854
0.3816550076007843
0.5752256512641907
0.6530418395996094
0.40496209263801575
0.6664959192276001
0.5751236081123352
0.6449134349822998
0.5236155986785889
0.6444416046142578
0.6733136177062988
0.36657169461250305
0.5850762724876404
0.4505979120731354
0.44132885336875916
0.5157288312911987
0.6181023120880127
0.4521075189113617
0.5973953008651733
0.3942777216434479
0.3580688536167145
0.4625438451766968
0.8313531279563904
0.6713031530380249
0.3719256520271301
0.4298429489135742
0.629031777381897
0.5363563895225525
0.4202008843421936
0.4314011037349701
0.6283014416694641
0.5772956013679504
0.5598560571670532
0.6931852698326111
0.42522725462913513
0.45097967982292175
0.6074984073638916
0.3946286737918854
0.40455931425094604
0.594240665435791
0.4286154806613922
0.42859891057014465
0.7322284579277039
0.44591888785362244
0.41392260789871216
0.47290176153182983
0.41527026891708374
0.44786757230758667
0.6566669940948486
0.6051735877990723
0.3930131494998932
0.6846973896026611
0.6294400691986084
0.4685530364513397
0.5035175085067749
0.4247891306877136
0.6351833939552307
0.686044454574585
0.40696850419044495
0.4894820749759674
0.7751500010490417
0.6980904936790466
0.4568701684474945
0.42001283168792725
0.678536057472229
0.4042835235595703
0.7468193769454956
0.5888769030570984
0.48359405994415283
0.4603661298751831
0.3775559961795807
0.6410734057426453
0.45664989948272705
0.6398623585700989
0.5826603174209595
0.4029696583747864
0.6696202754974365
0.5074803233146667
0.635062575340271
0.4327024221420288
0.43738749623298645
0.4569498300552368
0.4664175808429718
0.3286192715167999
0.5454506874084473
0.41979894042015076
0.400656521320343
0.3330880403518677
0.5122552514076233
0.6410824656486511
0.5473480820655823
0.3925839364528656
0.8102554082870483
0.8774542808532715
0.44805416464805603
0.3507370352745056
0.7507942318916321
0.5001286864280701
0.441689670085907
0.4522646367549896
0.384088933467865
0.46782851219177246
0.5133497714996338
0.5000800490379333
0.7866626977920532
0.48514434695243835
0.6788487434387207
0.382188081741333
0.48242321610450745
0.6120453476905823
0.3922940790653229
0.4125346839427948
0.5211226940155029
0.4460742473602295
0.7522421479225159
0.593917965888977
0.45397278666496277
0.6848383545875549
0.49443113803863525
0.6731370687484741
0.7024730443954468
0.5685973763465881
0.4741886556148529
0.5603206753730774
0.44052207469940186
0.47034114599227905
0.5730644464492798
0.650282084941864
0.43467095494270325
0.6262570023536682
0.4143604636192322
0.4076274037361145
0.35136130452156067
0.44235607981681824
0.5001000761985779
0.41800743341445923
0.49384430050849915
0.44694769382476807
0.4364767372608185
0.6499525308609009
0.7089607119560242
0.4358334243297577
0.7806919813156128
0.5978291034698486
0.41626495122909546
0.411617636680603
0.6758103966712952
0.3515140414237976
0.4064551293849945
0.3825012147426605
0.4350164532661438
0.40206897258758545
0.5720311999320984
0.6281316876411438
0.6730124950408936
0.5306693911552429
0.513724148273468
0.4407517611980438
0.4569879174232483
0.58977872133255
0.41192853450775146
0.4460695683956146
0.61844801902771
0.3802690804004669
0.4099487066268921
0.5032452940940857
0.6889716982841492
0.4900103807449341
0.4008251130580902
0.6552098989486694
0.6558593511581421
0.38086187839508057
0.40463539958000183
0.4404091536998749
0.3915899395942688
0.7330514788627625
0.357355535030365
0.3727011978626251
0.46718132495880127
0.46805205941200256
0.3698277771472931
0.4505808353424072
0.4257983863353729
0.530153751373291
0.4172305166721344
0.4938032925128937
0.3682716488838196
0.6045811176300049
0.40010809898376465
0.5519571900367737
0.6263388991355896
0.4014738202095032
0.3869755268096924
0.7313827276229858
0.7563185691833496
0.43421053886413574
0.4720876216888428
0.4628189206123352
0.7975828647613525
0.6694491505622864
0.3774937093257904
0.5198089480400085
0.4517379701137543
0.48162826895713806
0.6193988919258118
0.6658983826637268
0.8846955299377441
0.6239215731620789
0.5607735514640808
0.6482958793640137
0.7689504027366638
0.6641132235527039
0.4450688660144806
0.5443950891494751
0.7267034649848938
0.5248628854751587
0.3762149512767792
0.3950481712818146
0.48759204149246216
0.44753676652908325
0.6827179193496704
0.7061734199523926
0.4413984417915344
0.5626652240753174
0.6979193091392517
0.6545672416687012
0.6287142038345337
0.41817134618759155
0.6449903845787048
0.4423508048057556
0.3792498707771301
0.4615468978881836
0.841057300567627
0.44048872590065
0.5295289158821106
0.41466468572616577
0.3751874566078186
0.47157764434814453
0.4330369532108307
0.7521089911460876
0.4697706699371338
0.6158254146575928
0.593956708908081
0.41517043113708496
0.45427945256233215
0.49146178364753723
0.4581681787967682
0.4088084399700165
0.4695945978164673
0.5534325242042542
0.5279685258865356
0.4154187738895416
0.4535117447376251
0.5348237752914429
0.4194881319999695
0.4778064489364624
0.4899240732192993
0.3908706307411194
0.6491685509681702
0.46318015456199646
0.3745468854904175
0.4571853578090668
0.6472908854484558
0.5946860909461975
0.41132599115371704
0.36390015482902527
0.46551844477653503
0.5000519752502441
0.7005197405815125
0.756430983543396
0.6300041079521179
0.5256651043891907
0.6513582468032837
0.49724990129470825
0.4336184561252594
0.39310118556022644
0.7312721014022827
0.4756089150905609
0.36330077052116394
0.6587373614311218
0.4124576449394226
0.5891779065132141
0.38985568284988403
0.6473941802978516
0.4294218420982361
0.47930634021759033
0.8387546539306641
0.7953611016273499
0.652895450592041
0.5097826719284058
0.444559782743454
0.42023608088493347
0.4760054647922516
0.47592249512672424
0.43253830075263977
0.5775071978569031
0.4310672879219055
0.4805128872394562
0.6292934417724609
0.3823925256729126
0.7423434257507324
0.5237732529640198
0.707573413848877
0.41416123509407043
0.41599082946777344
0.5676513910293579
0.5068323016166687
0.4860343039035797
0.48586753010749817
0.5503690242767334
0.38009753823280334
0.3557869791984558
0.46650925278663635
0.7197192907333374
0.46457961201667786
0.3816646635532379
0.39869463443756104
0.47497275471687317
0.6422551870346069
0.38539066910743713
0.7705690264701843
0.44998157024383545
0.44103312492370605
0.41843751072883606
0.41781410574913025
0.40491196513175964
0.37245452404022217
0.40541571378707886
0.45281317830085754
0.45074477791786194
0.4461831748485565
0.7906259298324585
0.43686893582344055
0.582946240901947
0.41060394048690796
0.6984217166900635
0.5297189354896545
0.48616573214530945
0.5174173712730408
0.4206060469150543
0.3660801649093628
0.5823720693588257
0.6736003160476685
0.5265313982963562
0.6727132201194763
0.6282565593719482
0.7043258547782898
0.6557924151420593
0.6954110860824585
0.4538209140300751
0.4975794851779938
0.4865975081920624
0.48594027757644653
0.46076029539108276
0.738640546798706
0.4180680215358734
0.44633808732032776
0.48066455125808716
0.4857429265975952
0.4091942608356476
0.43279990553855896
0.49568450450897217
0.3931320905685425
0.6920258402824402
0.4359199106693268
0.5372561812400818
0.4372379779815674
0.4910060167312622
0.6814607977867126
0.5617842674255371
0.38209620118141174
0.42458075284957886
0.6087300181388855
0.4757448434829712
0.46560126543045044
0.426207035779953
0.7074353098869324
0.7235482931137085
0.39428234100341797
0.3940560221672058
0.3429064452648163
0.45366671681404114
0.7025328278541565
0.4091449975967407
0.6226234436035156
0.3680688142776489
0.5514646172523499
0.5933606624603271
0.8583333492279053
0.47082412242889404
0.6487499475479126
0.40100738406181335
0.42079639434814453
0.4627200961112976
0.515803873538971
0.4792819321155548
0.5982513427734375
0.3681648373603821
0.3934590220451355
0.7297844886779785
0.3743411600589752
0.47199857234954834
0.4613715410232544
0.3825437128543854
0.41824424266815186
0.515636682510376
0.7242258191108704
0.5810330510139465
0.69814133644104
0.773800790309906
0.4055508077144623
0.4704212248325348
0.4575059413909912
0.48371851444244385
0.40763434767723083
0.6534838080406189
0.3489474058151245
0.42137545347213745
0.42813247442245483
0.4736044406890869
0.5584350824356079
0.7078031301498413
0.3959876596927643
0.6407245397567749
0.4443310499191284
0.40650150179862976
0.3742002248764038
0.35785189270973206
0.39804428815841675
0.7224153280258179
0.6640739440917969
0.4505360424518585
0.5122013688087463
0.5029017329216003
0.42871329188346863
0.4737195670604706
0.6400418281555176
0.5333829522132874
0.6759019494056702
0.5996466875076294
0.5736826062202454
0.36341288685798645
0.48227640986442566
0.5315966606140137
0.36140716075897217
0.4179980456829071
0.5905178189277649
0.4055195748806
0.5776949524879456
0.5150813460350037
0.3895232081413269
0.5924861431121826
0.6160822510719299
0.4018873870372772
0.6720998883247375
0.4345080554485321
0.5031636357307434
0.4811926782131195
0.4203876852989197
0.3889921307563782
0.6272479295730591
0.7562451362609863
0.4570973515510559
0.6118913292884827
0.4932117462158203
0.5542941093444824
0.42185425758361816
0.6425867676734924
0.4556797444820404
0.43306049704551697
0.6984896659851074
0.5484743714332581
0.4505951702594757
0.4684678018093109
0.6063821315765381
0.4059191048145294
0.5933210849761963
0.48175278306007385
0.4041273891925812
0.47144967317581177
0.6090913414955139
0.3990553617477417
0.43518009781837463
0.43861016631126404
0.4863318204879761
0.6227838397026062
0.35016104578971863
0.483045756816864
0.43500658869743347
0.4718479812145233
0.4627048373222351
0.6549579501152039
0.4034735858440399
0.39469799399375916
0.6438176035881042
0.6178721785545349
0.31501689553260803
0.3378227949142456
0.46501094102859497
0.4114837944507599
0.7713078260421753
0.43613967299461365
0.3436936140060425
0.6429204344749451
0.7012776732444763
0.6145583987236023
0.5899055004119873
0.6844639778137207
0.6289526224136353
0.42669668793678284
0.5218766927719116
0.41490837931632996
0.6698208451271057
0.6579530835151672
0.45066365599632263
0.5137313008308411
0.5920450091362
0.33978569507598877
0.5761889219284058
0.46661368012428284
0.5006122589111328
0.4116480350494385
0.8607160449028015
0.4581569731235504
0.39803460240364075
0.4856945276260376
0.4861515760421753
0.5014393329620361
0.4368191659450531
0.6562870144844055
0.4549214839935303
0.5408380031585693
0.4371476471424103
0.49200040102005005
0.4471821188926697
0.40668144822120667
0.363519549369812
0.4637942612171173
0.5691287517547607
0.6506353616714478
0.40084099769592285
0.38370856642723083
0.43969205021858215
0.6875749826431274
0.5412961840629578
0.5062844157218933
0.614413321018219
0.3376515507698059
0.3309379518032074
0.5042476058006287
0.4986637830734253
0.4513533413410187
0.43494224548339844
0.40521037578582764
0.512198269367218
0.7925770282745361
0.6087234020233154
0.47754645347595215
0.4025098383426666
0.37980887293815613
0.516090989112854
0.809633731842041
0.40059319138526917
0.6472818851470947
0.6198309659957886
0.6992282867431641
0.4173441231250763
0.37185728549957275
0.45787766575813293
0.746547520160675
0.5249536633491516
0.3913940489292145
0.547491729259491
0.7029926776885986
0.49685952067375183
0.5555150508880615
0.49678248167037964
0.6405344605445862
0.5699684023857117
0.4552370011806488
0.6827548146247864
0.5732740163803101
0.616030752658844
0.5633003115653992
0.46349582076072693
0.5365692377090454
0.5703911781311035
0.3638405501842499
0.5461614727973938
0.44788482785224915
0.4096659719944
0.4884549081325531
0.6082608699798584
0.4133685827255249
0.5312748551368713
0.43064966797828674
0.5561124682426453
0.5631559491157532
0.4562048614025116
0.4931989908218384
0.6336406469345093
0.552631676197052
0.4174334704875946
0.41649654507637024
0.47773441672325134
0.5894941091537476
0.7576825022697449
0.6865220069885254
0.46685028076171875
0.41053536534309387
0.430077463388443
0.5040955543518066
0.7143808007240295
0.4290347695350647
0.4032651484012604
0.6001537442207336
0.43724602460861206
0.7257108092308044
0.3935612738132477
0.5614740252494812
0.48908311128616333
0.4370187520980835
0.6152277588844299
0.4971027374267578
0.3921522796154022
0.5721185803413391
0.467733770608902
0.4667583107948303
0.5162185430526733
0.6541056632995605
0.5963438749313354
0.6403255462646484
0.4304512143135071
0.7496225833892822
0.5026880502700806
0.48593857884407043
0.407662570476532
0.4611380100250244
0.5243933200836182
0.6599575281143188
0.41868171095848083
0.4427441358566284
0.4796779751777649
0.4908598065376282
0.6901323795318604
0.35485130548477173
0.6713245511054993
0.810793399810791
0.6713448166847229
0.46562743186950684
0.6133100986480713
0.49028801918029785
0.5142484903335571
0.5292297601699829
0.44626766443252563
0.4162759482860565
0.6036611199378967
0.5126843452453613
0.6099796891212463
0.31467390060424805
0.4347602427005768
0.42237135767936707
0.4126248061656952
0.5442687273025513
0.41610339283943176
0.5651798248291016
0.5986588001251221
0.43389731645584106
0.3887907862663269
0.42956095933914185
0.6057062149047852
0.4216573238372803
0.33850792050361633
0.5933335423469543
0.5408738255500793
0.41022932529449463
0.38719871640205383
0.634824275970459
0.7096918225288391
0.7023735046386719
0.766072690486908
0.562950611114502
0.3731761872768402
0.5289034843444824
0.47329196333885193
0.6007243990898132
0.4689698815345764
0.3759097754955292
0.4597008228302002
0.38638195395469666
0.43952614068984985
0.6203460097312927
0.5840058922767639
0.6728960275650024
0.4188118875026703
0.45632466673851013
0.6667945981025696
0.5997452139854431
0.48970091342926025
0.6364954113960266
0.3674313724040985
0.4188387989997864
0.6483328342437744
0.40455782413482666
0.4484158456325531
0.669701099395752
0.44023922085762024
0.4497414529323578
0.4202575385570526
0.38384106755256653
0.46086567640304565
0.38419151306152344
0.4693843424320221
0.6619647145271301
0.3760201930999756
0.6024954319000244
0.40396320819854736
0.6045286059379578
0.5183216333389282
0.4972141981124878
0.4607084393501282
0.6346457600593567
0.38552016019821167
0.4859362542629242
0.4285532236099243
0.48839569091796875
0.3870301842689514
0.6128072142601013
0.7404788136482239
0.6699415445327759
0.6738896369934082
0.3076751232147217
0.6083490252494812
0.6750819683074951
0.7455529570579529
0.3493662178516388
0.7489858865737915
0.4114793837070465
0.6177371144294739
0.4314451217651367
0.6873698234558105
0.3848000466823578
0.41184723377227783
0.414786696434021
0.37567657232284546
0.5880916118621826
0.5080974698066711
0.5018295049667358
0.6381490230560303
0.44202759861946106
0.387349933385849
0.678610622882843
0.4462283253669739
0.4437541663646698
0.46989795565605164
0.6410456299781799
0.6400680541992188
0.39025411009788513
0.6657412648200989
0.39619359374046326
0.386806845664978
0.5059243440628052
0.40329551696777344
0.380700021982193
0.5754746794700623
0.6029425859451294
0.40051960945129395
0.5338345766067505
0.4246082305908203
0.548708975315094
0.42040130496025085
0.4465603530406952
0.49987587332725525
0.5145679712295532
0.6657869219779968
0.5981200933456421
0.4333885610103607
0.3700001537799835
0.6243797540664673
0.6688369512557983
0.7204715609550476
0.5989284515380859
0.523872435092926
0.37501513957977295
0.6325739026069641
0.3481830358505249
0.5704723596572876
0.6702836751937866
0.6176480054855347
0.651671826839447
0.4261111915111542
0.39478325843811035
0.6607835292816162
0.40178558230400085
0.5237605571746826
0.4452793002128601
0.5995190143585205
0.6789314150810242
0.4202420711517334
0.4465733468532562
0.5596397519111633
0.38683682680130005
0.6277503967285156
0.3793380856513977
0.4059183597564697
0.48478367924690247
0.7246410846710205
0.4274584949016571
0.36545059084892273
0.615256130695343
0.7041411399841309
0.5368555784225464
0.2827337682247162
0.43100956082344055
0.371149480342865
0.44377845525741577
0.5535792708396912
0.3875388205051422
0.7332693338394165
0.38200974464416504
0.39952418208122253
0.37474605441093445
0.7106345295906067
0.41845017671585083
0.6623429656028748
0.46465301513671875
0.7046270966529846
0.48812660574913025
0.42020362615585327
0.7770574688911438
0.38399219512939453
0.42885246872901917
0.4814153015613556
0.34547093510627747
0.5760754346847534
0.7010179758071899
0.7450624704360962
0.37434709072113037
0.47135818004608154
0.37442517280578613
0.42774319648742676
0.3912210762500763
0.5191172957420349
0.3840557932853699
0.6610651612281799
0.41556891798973083
0.5068564414978027
0.38898536562919617
0.4601321518421173
0.6441420912742615
0.36474040150642395
0.2898702025413513
0.45815688371658325
0.775331974029541
0.5249632000923157
0.5658011436462402
0.5235641598701477
0.4693867564201355
0.42247214913368225
0.4856921434402466
0.39008358120918274
0.4872190058231354
0.3421165347099304
0.43750008940696716
0.6797951459884644
0.38277915120124817
0.4378189742565155
0.48674479126930237
0.5260744690895081
0.3386625051498413
0.5827915668487549
0.36807650327682495
0.4565233886241913
0.645668089389801
0.5819035172462463
0.5615986585617065
0.588509738445282
0.47266343235969543
0.39313969016075134
0.6631284952163696
0.35114550590515137
0.4289323389530182
0.5096181631088257
0.5400912761688232
0.38657933473587036
0.702385425567627
0.41307294368743896
0.4614834487438202
0.42960020899772644
0.6028444170951843
0.6353300213813782
0.6401730179786682
0.7038097381591797
0.6076161861419678
0.6352192759513855
0.41497802734375
0.35078856348991394
0.4001820385456085
0.5827258229255676
0.6833863854408264
0.34728145599365234
0.428557813167572
0.4375757873058319
0.44320759177207947
0.41412338614463806
0.4189951419830322
0.4195975959300995
0.33997413516044617
0.3352109491825104
0.5732061266899109
0.6690486669540405
0.38181087374687195
0.46586212515830994
0.5942944884300232
0.4610722064971924
0.6712293028831482
0.43003925681114197
0.41058292984962463
0.4837792217731476
0.3821236491203308
0.5902437567710876
0.597819447517395
0.3412074148654938
0.4669870436191559
0.3664105236530304
0.6102890968322754
0.3736421465873718
0.4326421320438385
0.6768932938575745
0.6208744645118713
0.3516380190849304
0.30426111817359924
0.6177284717559814
0.6059333086013794
0.4549812078475952
0.48090118169784546
0.5949665904045105
0.7168501019477844
0.5612655282020569
0.4288688898086548
0.46265697479248047
0.4445173740386963
0.31855711340904236
0.3906133770942688
0.6503384113311768
0.6953622698783875
0.4799765646457672
0.7268946170806885
0.26796412467956543
0.28707486391067505
0.4551853835582733
0.38145995140075684
0.6171040534973145
0.6527679562568665
0.5036266446113586
0.5604478716850281
0.49397599697113037
0.31925851106643677
0.6710301041603088
0.42731204628944397
0.5612305402755737
0.47420552372932434
0.526110827922821
0.6209574341773987
0.48061123490333557
0.44304436445236206
0.6853978037834167
0.4267963767051697
0.5674846768379211
0.3606944978237152
0.43450480699539185
0.42938387393951416
0.41110289096832275
0.4364619553089142
0.4715461730957031
0.30131858587265015
0.33153560757637024
0.43229785561561584
0.5153433680534363
0.5779408812522888
0.3584863245487213
0.5264130234718323
0.5707624554634094
0.618971586227417
0.5872429013252258
0.3514844477176666
0.5608714818954468
0.38723307847976685
0.4935314953327179
0.4721086025238037
0.6456617116928101
0.6292693614959717
0.6678584814071655
0.4506790041923523
0.4339907467365265
0.5193413496017456
0.486047625541687
0.61872798204422
0.5714514255523682
0.3318272829055786
0.39159095287323
0.44096624851226807
0.6033380627632141
0.7225788235664368
0.3926336169242859
0.35723650455474854
0.4346480667591095
0.5900626182556152
0.4338504374027252
0.2948133051395416
0.33910924196243286
0.6654657125473022
0.7556045651435852
0.44979622960090637
0.34482496976852417
0.5043072700500488
0.4302661120891571
0.5894101858139038
0.46914634108543396
0.4359320402145386
0.43477538228034973
0.6335086226463318
0.30044859647750854
0.36095961928367615
0.35442230105400085
0.43711522221565247
0.5790438652038574
0.4390266537666321
0.3817234933376312
0.4577539563179016
0.5255270004272461
0.4813564419746399
0.6966241598129272
0.5600797533988953
0.6684913039207458
0.32639139890670776
0.31539493799209595
0.3966617286205292
0.42316627502441406
0.6746290326118469
0.5137799382209778
0.376781702041626
0.6388251781463623
0.5388188362121582
0.5279653668403625
0.4451873004436493
0.4716877043247223
0.31273797154426575
0.39217063784599304
0.5052816271781921
0.7549495697021484
0.47335144877433777
0.505749523639679
0.34937092661857605
0.3394427001476288
0.6805846691131592
0.46395543217658997
0.5813830494880676
0.4487064778804779
0.4451258182525635
0.5573235154151917
0.39552196860313416
0.4510727822780609
0.4915506839752197
0.6340432167053223
0.569404661655426
0.4296105206012726
0.45789146423339844
0.5710857510566711
0.35657593607902527
0.4198356568813324
0.48797309398651123
0.6395899653434753
0.764646053314209
0.6720458269119263
0.2868720293045044
0.3550066649913788
0.3755457401275635
0.5012697577476501
0.6935999989509583
0.4178522825241089
0.5912511348724365
0.38036513328552246
0.45119309425354004
0.3824753165245056
0.6130796670913696
0.41503724455833435
0.5887278318405151
0.6883706450462341
0.6036698222160339
0.6380482316017151
0.39698290824890137
0.3009943664073944
0.6209787130355835
0.31239160895347595
0.516064465045929
0.555840253829956
0.6569170951843262
0.3989715278148651
0.49088218808174133
0.5491762161254883
0.4912337362766266
0.29815152287483215
0.4854585528373718
0.37519413232803345
0.5710738301277161
0.40642112493515015
0.5667245388031006
0.365192711353302
0.37871867418289185
0.4273868501186371
0.362374484539032
0.5426689982414246
0.367801696062088
0.4707338809967041
0.3791092336177826
0.41450491547584534
0.5337130427360535
0.4073411822319031
0.3332774043083191
0.6389391422271729
0.45505377650260925
0.24359159171581268
0.3817325234413147
0.45819908380508423
0.2723236382007599
0.45396897196769714
0.5797646641731262
0.37991833686828613
0.5749351382255554
0.4622756838798523
0.4226316213607788
0.28481051325798035
0.3862307667732239
0.39492112398147583
0.26060545444488525
0.31372034549713135
0.48440608382225037
0.6093171834945679
0.366872638463974
0.37535300850868225
0.5246503353118896
0.38450610637664795
0.38980239629745483
0.6238451600074768
0.5815691947937012
0.3769300878047943
0.585139811038971
0.38240623474121094
0.5413938164710999
0.5097814798355103
0.2294599860906601
0.40542128682136536
0.32984408736228943
0.5116041302680969
0.29761436581611633
0.46577465534210205
0.380569189786911
0.5481739640235901
0.6369802355766296
0.48034778237342834
0.4968332052230835
0.28592222929000854
0.38888370990753174
0.6310727596282959
0.3724379241466522
0.41592514514923096
0.474604070186615
0.6457775831222534
0.5840032696723938
0.6618266105651855
0.7155768871307373
0.3285551965236664
0.46859386563301086
0.5136445760726929
0.32890254259109497
0.5814786553382874
0.6861367225646973
0.4944869875907898
0.4073103666305542
0.603852391242981
0.4806157648563385
0.4070736765861511
0.714125394821167
0.5060561895370483
0.46773070096969604
0.5393596291542053
0.2956007719039917
0.2919330298900604
0.4747772216796875
0.45956912636756897
0.4190765619277954
0.5033816695213318
0.593151330947876
0.6785505414009094
0.2900537848472595
0.5182650089263916
0.5350498557090759
0.40332239866256714
0.7346733212471008
0.29513871669769287
0.38610032200813293
0.38519617915153503
0.38877853751182556
0.3492508828639984
0.43606171011924744
0.5586563348770142
0.5407792329788208
0.42498043179512024
0.33758828043937683
0.2535961866378784
0.5582199692726135
0.45173317193984985
0.41089072823524475
0.32777920365333557
0.5899199843406677
0.5034328699111938
0.3462555706501007
0.7246850728988647
0.43036144971847534
0.4209124743938446
0.3927156925201416
0.3409421443939209
0.39978447556495667
0.4231336712837219
0.62373948097229
0.302758127450943
0.34774425625801086
0.49406272172927856
0.39517536759376526
0.3181949257850647
0.28296002745628357
0.2339823842048645
0.45931297540664673
0.44914859533309937
0.40647271275520325
0.5942155718803406
0.4422875940799713
0.48194798827171326
0.5315287113189697
0.5159845948219299
0.5779021978378296
0.5368944406509399
0.6379509568214417
0.6849689483642578
0.5788975954055786
0.378088116645813
0.21929149329662323
0.6564974188804626
0.6768401861190796
0.6099495887756348
0.34790778160095215
0.38548702001571655
0.31166958808898926
0.5999456644058228
0.4377942681312561
0.5245506167411804
0.43853959441185
0.3640451729297638
0.45772784948349
0.6381357312202454
0.4409330487251282
0.30239832401275635
0.45984408259391785
0.6341167092323303
0.4113435745239258
0.284551739692688
0.34568390250205994
0.544034481048584
0.5714980959892273
0.38680702447891235
0.6129014492034912
0.4661301374435425
0.4972344636917114
0.37757039070129395
0.38776493072509766
0.3314916491508484
0.5023143291473389
0.3890787363052368
0.29254552721977234
0.7172605991363525
0.4388953745365143
0.6920730471611023
0.3414270281791687
0.30896326899528503
0.7284244298934937
0.7105679512023926
0.6186204552650452
0.3178158700466156
0.6492671966552734
0.40987229347229004
0.4673379957675934
0.5284073352813721
0.44616836309432983
0.4463530480861664
0.4232530891895294
0.4249330461025238
0.46417877078056335
0.5289629697799683
0.46704262495040894
0.5265855193138123
0.6131365299224854
0.4598286747932434
0.5776574611663818
0.639333963394165
0.4127797782421112
0.46334120631217957
0.6373091340065002
0.3993716835975647
0.37723731994628906
0.4453943371772766
0.3433975279331207
0.4784693419933319
0.46196624636650085
0.5925623178482056
0.7205718159675598
0.6108041405677795
0.40508028864860535
0.5528196096420288
0.2790079414844513
0.6585360169410706
0.575181245803833
0.33759623765945435
0.6049038767814636
0.6048382520675659
0.4656845033168793
0.5235399007797241
0.32448914647102356
0.28920838236808777
0.3992299735546112
0.3575040400028229
0.4487467110157013
0.7602138519287109
0.44367679953575134
0.4614328145980835
0.42398643493652344
0.4306948781013489
0.3929344117641449
0.5947161912918091
0.39452484250068665
0.41117003560066223
0.6781312823295593
0.6675787568092346
0.47609400749206543
0.544780969619751
0.3671334981918335
0.7157769203186035
0.5840451717376709
0.3279893398284912
0.39449989795684814
0.6141975522041321
0.49847251176834106
0.5386518239974976
0.45646244287490845
0.7071184515953064
0.5185604691505432
0.363593190908432
0.28814515471458435
0.380310595035553
0.4020106792449951
0.2511560022830963
0.5112372636795044
0.41063904762268066
0.29474174976348877
0.47417765855789185
0.4633665978908539
0.565937340259552
0.448491632938385
0.41117244958877563
0.32949623465538025
0.4953503906726837
0.5454641580581665
0.6195034980773926
0.3793185353279114
0.5483332276344299
0.4283857047557831
0.4381779134273529
0.5795530676841736
0.6796493530273438
0.48014944791793823
0.4044594168663025
0.43063998222351074
0.5447233319282532
0.21610546112060547
0.44169190526008606
0.3344636559486389
0.34052062034606934
0.489531934261322
0.6362396478652954
0.4798588454723358
0.6104622483253479
0.4412584602832794
0.604636013507843
0.4088844358921051
0.6322775483131409
0.5413328409194946
0.4010269045829773
0.3953644931316376
0.47660455107688904
0.3112412989139557
0.39794906973838806
0.43231895565986633
0.39485928416252136
0.2660582363605499
0.3986330032348633
0.3653433918952942
0.34674566984176636
0.5615800619125366
0.6204939484596252
0.4230668544769287
0.48571160435676575
0.6717303991317749
0.5234302878379822
0.4396415054798126
0.5907942652702332
0.3544989824295044
0.350343257188797
0.35866591334342957
0.5470719933509827
0.6029860973358154
0.4151696264743805
0.4368404746055603
0.45081326365470886
0.66081702709198
0.4484182596206665
0.6114532351493835
0.4272012412548065
0.3131907880306244
0.6259596347808838
0.5712572932243347
0.5372785329818726
0.5530944466590881
0.4592570960521698
0.47499215602874756
0.3774574398994446
0.5453413128852844
0.5935854911804199
0.41807347536087036
0.2974780797958374
0.4576190114021301
0.3374163508415222
0.5114405155181885
0.6441007256507874
0.4790627360343933
0.5426532030105591
0.4296216666698456
0.5574964284896851
0.5300906896591187
0.2959769368171692
0.5277736186981201
0.3286500573158264
0.5997253656387329
0.507713794708252
0.5218897461891174
0.2814897298812866
0.5669718384742737
0.35229209065437317
0.5382548570632935
0.41601210832595825
0.4657919406890869
0.4471404254436493
0.448231041431427
0.3184940218925476
0.487370103597641
0.5189805030822754
0.30412328243255615
0.38399216532707214
0.4299282133579254
0.708377480506897
0.3859574794769287
0.3430745601654053
0.3682050406932831
0.2862459421157837
0.3098728656768799
0.32148781418800354
0.6277061104774475
0.3593665361404419
0.6548176407814026
0.39581215381622314
0.3796684145927429
0.3205558657646179
0.5807134509086609
0.5548805594444275
0.6544550061225891
0.5218716263771057
0.3982301652431488
0.5664884448051453
0.37691810727119446
0.5701223611831665
0.2592659890651703
0.5099326372146606
0.46030911803245544
0.2655015289783478
0.5020893812179565
0.4256436228752136
0.4199189841747284
0.3657582402229309
0.33681586384773254
0.5760546922683716
0.3945680558681488
0.48217764496803284
0.5478954315185547
0.5297473669052124
0.5604924559593201
0.6113607287406921
0.41181784868240356
0.3896452784538269
0.28475144505500793
0.2970655560493469
0.34732046723365784
0.38840916752815247
0.5957391262054443
0.5842068195343018
0.4467669427394867
0.5138100981712341
0.5235918164253235
0.4814480245113373
0.36749497056007385
0.25504055619239807
0.29216721653938293
0.3120504319667816
0.5231711864471436
0.5780162215232849
0.6091256141662598
0.4407535791397095
0.5075143575668335
0.6057968735694885
0.45560550689697266
0.4610065221786499
0.3851161301136017
0.6129647493362427
0.19304972887039185
0.3637887239456177
0.3040062189102173
0.5917413830757141
0.37944495677948
0.40357646346092224
0.4101722836494446
0.7974323034286499
0.5241696834564209
0.6230831146240234
0.5985938906669617
0.40977558493614197
0.4350374937057495
0.393507719039917
0.5434622168540955
0.38830965757369995
0.5648436546325684
0.4982943832874298
0.24817703664302826
0.5293846130371094
0.3561837375164032
0.5783939957618713
0.37983813881874084
0.3121892213821411
0.29904240369796753
0.4672761857509613
0.517688512802124
0.4717801809310913
0.5194680094718933
0.4157736897468567
0.4975104033946991
0.5691249370574951
0.4871293902397156
0.3721758723258972
0.25415337085723877
0.5186920762062073
0.5227085947990417
0.40849485993385315
0.25396281480789185
0.293784499168396
0.4527589678764343
0.42524757981300354
0.5486236214637756
0.4705956280231476
0.3682743012905121
0.4082677364349365
0.47959664463996887
0.3843940794467926
0.2685539126396179
0.2700294554233551
0.600772500038147
0.3911795914173126
0.5989981889724731
0.5274924635887146
0.4121302664279938
0.4645217955112457
0.5174136161804199
0.32855018973350525
0.2928164303302765
0.611534595489502
0.43988025188446045
0.5516844987869263
0.4039677679538727
0.513166606426239
0.5536471605300903
0.4699409604072571
0.4933372437953949
0.49925723671913147
0.546261191368103
0.29950791597366333
0.45248308777809143
0.4070804715156555
0.5571048855781555
0.4570680856704712
0.4565120339393616
0.5200493931770325
0.5620904564857483
0.4290691614151001
0.6038748025894165
0.3545815646648407
0.5371343493461609
0.45864441990852356
0.25936660170555115
0.5612525939941406
0.4995807707309723
0.4019933342933655
0.36138615012168884
0.47673356533050537
0.3002801835536957
0.6657825708389282
0.39462894201278687
0.5785439014434814
0.4123585522174835
0.4759659171104431
0.5399974584579468
0.23426803946495056
0.686948835849762
0.3502179980278015
0.5655605792999268
0.5265483856201172
0.40342164039611816
0.567324161529541
0.44060376286506653
0.6589552164077759
0.49226510524749756
0.44457685947418213
0.40419235825538635
0.521694540977478
0.5980101227760315
0.5446223020553589
0.2550068795681
0.31806036829948425
0.6031686067581177
0.42165955901145935
0.4522069990634918
0.49624770879745483
0.35106682777404785
0.36447855830192566
0.4528876841068268
0.22293104231357574
0.3943464756011963
0.4557276964187622
0.45851758122444153
0.49339884519577026
0.5886377692222595
0.5382125377655029
0.2023850828409195
0.5350774526596069
0.4269169569015503
0.5166903138160706
0.5550802946090698
0.40045166015625
0.3410061299800873
0.4901500642299652
0.5146539211273193
0.4466792345046997
0.39770179986953735
0.22254644334316254
0.42246317863464355
0.45058438181877136
0.509544849395752
0.4320944547653198
0.5234031081199646
0.432892382144928
0.3008151948451996
0.5860007405281067
0.4628309905529022
0.4592171013355255
0.38684624433517456
0.6070023775100708
0.30503523349761963
0.3260834515094757
0.44071444869041443
0.3954215347766876
0.5054858922958374
0.32651787996292114
0.28286802768707275
0.6065592169761658
0.24991565942764282
0.33382663130760193
0.5638526082038879
0.2550814151763916
0.44145843386650085
0.3479427695274353
0.37967461347579956
0.391788125038147
0.5979647040367126
0.28600212931632996
0.5571534037590027
0.4194990396499634
0.29402634501457214
0.6144393682479858
0.39263495802879333
0.3570871353149414
0.39017435908317566
0.30261361598968506
0.43895283341407776
0.38866814970970154
0.3261740207672119
0.4721447825431824
0.5567208528518677
0.5148046016693115
0.39658910036087036
0.6721163988113403
0.5979682207107544
0.4730850160121918
0.6341875791549683
0.3513830900192261
0.540199875831604
0.20209217071533203
0.5686032176017761
0.34539899230003357
0.471344918012619
0.3824901580810547
0.3212484121322632
0.6927472949028015
0.478297621011734
0.5732757449150085
0.45979782938957214
0.31162112951278687
0.42487460374832153
0.5724731087684631
0.36034095287323
0.25854405760765076
0.416177362203598
0.3966161608695984
0.47666916251182556
0.46337348222732544
0.4981686770915985
0.4986174702644348
0.5486148595809937
0.5778567790985107
0.5529961585998535
0.5180218815803528
0.6040027141571045
0.32284390926361084
0.5360578894615173
0.4916766285896301
0.7387183904647827
0.48047271370887756
0.22193661332130432
0.30075445771217346
0.4073474109172821
0.32543131709098816
0.4141460657119751
0.43678000569343567
0.5489971041679382
0.5133315920829773
0.36665934324264526
0.41858771443367004
0.27400240302085876
0.4443627893924713
0.24835476279258728
0.3075292706489563
0.6328921318054199
0.5257309079170227
0.34149113297462463
0.48284444212913513
0.4327406585216522
0.42397087812423706
0.47544652223587036
0.3261582553386688
0.2891749143600464
0.5157350301742554
0.3050890862941742
0.42331555485725403
0.31549185514450073
0.3143825829029083
0.24650520086288452
0.5043253898620605
0.33325695991516113
0.4520687758922577
0.46221092343330383
0.4279339611530304
0.5381357073783875
0.2428790032863617
0.5642092227935791
0.45106080174446106
0.4153299629688263
0.32200562953948975
0.5722740292549133
0.28327810764312744
0.6103875637054443
0.4241926968097687
0.22945985198020935
0.286569207906723
0.4841024875640869
0.4188585579395294
0.33747589588165283
0.45684120059013367
0.28195443749427795
