3.05190372467041
1.6890889406204224
2.0652873516082764
1.5818192958831787
1.2668098211288452
1.3178842067718506
1.253272294998169
1.0943776369094849
1.5372356176376343
1.0128728151321411
1.5713223218917847
1.494477391242981
1.3062058687210083
1.0604233741760254
1.039846658706665
1.6577235460281372
1.1576956510543823
1.0150561332702637
1.2118940353393555
1.7760276794433594
1.2904081344604492
1.3169387578964233
1.1737391948699951
1.1526693105697632
1.2777581214904785
1.067944049835205
1.1241002082824707
1.1274524927139282
1.0630803108215332
1.050196647644043
1.201936960220337
1.066737413406372
1.2797127962112427
1.0012974739074707
1.2669823169708252
1.0741201639175415
1.1513444185256958
1.0688014030456543
1.270147442817688
1.1109974384307861
1.033994436264038
1.0169143676757812
1.0563310384750366
1.173416256904602
1.0505558252334595
1.0436549186706543
0.9672966599464417
1.070321798324585
0.9289373755455017
1.0541764497756958
0.9883668422698975
1.0120956897735596
1.0318859815597534
0.9706477522850037
1.1161350011825562
0.9165786504745483
0.9816842675209045
0.9838733673095703
0.9685214161872864
0.9878988862037659
0.9241959452629089
1.0901168584823608
1.0109153985977173
0.9715936779975891
0.9309947490692139
1.018471360206604
0.9729742407798767
0.9132534861564636
0.9622842669487
0.926934003829956
0.889636218547821
0.9450427889823914
0.8997154235839844
0.902377724647522
1.230872631072998
1.033165693283081
0.9583903551101685
0.9229984283447266
1.0304239988327026
0.9913820624351501
0.9358173608779907
0.9279172420501709
1.0446367263793945
0.9299961924552917
0.8885154724121094
0.8862119913101196
0.9996330142021179
1.0532327890396118
0.918775737285614
0.9245162010192871
0.9210472106933594
0.9240724444389343
1.0706357955932617
0.8519623279571533
1.1777318716049194
0.9747440814971924
0.9119308590888977
0.928646981716156
1.0188398361206055
1.0176043510437012
0.8446214199066162
0.8975690603256226
0.9198880791664124
0.9464020729064941
0.8833953142166138
0.8667038679122925
0.7878445982933044
0.8795222640037537
0.7467491030693054
0.8026444911956787
0.783151388168335
0.8414410948753357
0.7826392650604248
0.9481639266014099
0.7725669741630554
0.7948107123374939
0.6963561177253723
0.807444155216217
0.8663893342018127
0.7477185726165771
0.6591763496398926
0.9761420488357544
0.6935601830482483
1.331994891166687
0.7082613110542297
1.2659891843795776
1.0853880643844604
0.7714483141899109
0.7684494256973267
1.0551451444625854
0.8301873803138733
0.7343385815620422
0.8191894292831421
0.8725965023040771
0.8342720866203308
0.7188363671302795
0.6824679374694824
0.650803804397583
0.5764296650886536
0.7967418432235718
0.5815010070800781
0.7278766632080078
0.6466906666755676
0.6933053731918335
0.5409573316574097
0.7993435859680176
0.7146976590156555
0.7290959358215332
0.9252325296401978
0.6117910146713257
0.6554352045059204
0.5462818741798401
0.8657005429267883
0.5478671193122864
0.4963855743408203
0.5952386260032654
0.7230622172355652
0.6107370257377625
0.5702674388885498
0.5845171809196472
0.48137137293815613
0.691631555557251
0.5043696761131287
0.556039571762085
0.5069817304611206
0.7188217639923096
0.7549790740013123
0.788034200668335
1.0449423789978027
0.6384521722793579
0.7438665628433228
0.586128830909729
0.6963890194892883
0.5489383935928345
0.6166682839393616
0.6100731492042542
0.5177056193351746
0.7541278004646301
0.6222537755966187
0.7552996873855591
0.6867932081222534
0.5116297006607056
0.7704479694366455
0.4941413998603821
0.5692250728607178
0.6949223875999451
0.6533328294754028
0.7682658433914185
0.7609367966651917
0.6848950386047363
0.7095482349395752
0.5747151374816895
0.7963147759437561
0.830954372882843
0.5372823476791382
0.5262477993965149
0.6473966240882874
0.7255949378013611
0.6637202501296997
0.5679534673690796
0.7257633805274963
0.5830646753311157
0.718445360660553
0.5997384786605835
0.5051928162574768
0.49914464354515076
0.6699607372283936
0.513968288898468
0.6290109753608704
0.6767106652259827
0.533204197883606
0.9085242748260498
0.6395449042320251
0.8561207056045532
0.6302993297576904
0.5364658832550049
0.5753414630889893
0.5290946364402771
0.825503945350647
0.4630369246006012
0.6661251783370972
0.7184945940971375
0.495344340801239
0.5651281476020813
0.5289120674133301
0.5019282102584839
0.682035505771637
0.5606632828712463
0.8519279956817627
0.4970821440219879
0.7734536528587341
0.7085508704185486
0.578363835811615
0.7397202253341675
0.5740993022918701
0.5104959607124329
0.7447760701179504
0.8024526238441467
0.6916182637214661
0.6278256177902222
0.4988028407096863
0.46172958612442017
0.6939116716384888
0.5929254293441772
0.4991583228111267
0.6760106086730957
0.5012473464012146
0.7007217407226562
0.5686793923377991
0.6606327891349792
0.46993714570999146
0.4628049433231354
0.6535775065422058
0.42977333068847656
0.4958108067512512
0.4973592460155487
0.7576851844787598
0.7855290174484253
0.4934728741645813
0.6634578704833984
0.8302600979804993
0.5084165334701538
0.4826246201992035
0.5274704694747925
0.8700566291809082
0.5043953061103821
0.542456865310669
0.5793440341949463
0.5691406726837158
0.49672171473503113
0.5131914615631104
0.6470345854759216
0.518407940864563
0.7501293420791626
0.5673534274101257
0.4826124608516693
0.43919622898101807
0.5152052044868469
0.5499367713928223
0.5382413268089294
0.8385739326477051
0.46731388568878174
0.5023618936538696
0.650081992149353
0.6856514811515808
0.5348652005195618
0.6863844394683838
0.7864572405815125
0.4792705774307251
0.6781954169273376
0.5840591192245483
0.635496973991394
0.4091780483722687
0.5247795581817627
0.46647584438323975
0.6785029768943787
0.5583422780036926
0.476466566324234
0.5074407458305359
0.5046136379241943
0.5891215801239014
0.5704347491264343
0.7165611982345581
0.720336377620697
0.4895707666873932
0.5684001445770264
0.4998456835746765
0.48284220695495605
0.7442986965179443
0.7342341542243958
0.5225422382354736
0.724951982498169
0.5792304873466492
0.565708339214325
0.6201817989349365
0.4755454957485199
0.48420318961143494
0.8406890034675598
0.7495623826980591
0.6656588912010193
0.48036888241767883
0.45433494448661804
0.8347367644309998
0.46769315004348755
0.5827069282531738
0.5084565877914429
0.5095674991607666
0.5665053725242615
0.7241023778915405
0.4271572530269623
0.5662673115730286
0.8190440535545349
0.48276111483573914
0.450011670589447
0.5450603365898132
0.6900175213813782
0.5218494534492493
0.44451773166656494
0.4752793610095978
0.5099775195121765
0.5099840760231018
0.5123909115791321
0.4862461984157562
0.4506201148033142
0.7191379070281982
0.44138336181640625
0.8507391214370728
0.6713300943374634
0.6809149384498596
0.5719053149223328
0.45092591643333435
0.653076171875
0.7175630331039429
0.4951513707637787
0.5288237929344177
0.5260611176490784
0.6853085160255432
0.4389588236808777
0.4969223439693451
0.7266747355461121
0.49848267436027527
0.6438347697257996
0.4804714620113373
0.4840236306190491
0.6905463933944702
0.44373953342437744
0.4700815677642822
0.6256163716316223
0.38195741176605225
0.6584703326225281
0.5482862591743469
0.6427372694015503
0.4730229079723358
0.4787270724773407
0.4841662347316742
0.7255275249481201
0.4977286458015442
0.4856783151626587
0.763761043548584
0.4326493442058563
0.524176836013794
0.6652072668075562
0.5503664612770081
0.5192455053329468
0.46221432089805603
0.7179335951805115
0.589089572429657
0.5342491269111633
0.50980544090271
0.5333941578865051
0.47465187311172485
0.5424670577049255
0.4454364478588104
0.5960487723350525
0.5796535015106201
0.5484286546707153
0.4167308509349823
0.518158495426178
0.5570225715637207
0.4565768539905548
0.49470236897468567
0.6174510717391968
0.47351357340812683
0.5160784125328064
0.7212639451026917
0.7508535981178284
0.5489889979362488
0.6482653617858887
0.47525227069854736
0.7864788174629211
0.7106633186340332
0.48135435581207275
0.6667940020561218
0.5452842712402344
0.4595688581466675
0.6425116658210754
0.4923035800457001
0.4588368237018585
0.49221205711364746
0.43238961696624756
0.5526537299156189
0.6991790533065796
0.8360127806663513
0.6823345422744751
0.4415948987007141
0.411162793636322
0.5301445126533508
0.4911225438117981
0.7579536437988281
0.5219981074333191
0.7096132040023804
0.477858304977417
0.6496227383613586
0.49317070841789246
0.48953378200531006
0.5063028931617737
0.4899827539920807
0.7521428465843201
0.5092505812644958
0.5492814779281616
0.4217416048049927
0.555442214012146
0.4516909122467041
0.5711444616317749
0.459231972694397
0.47501713037490845
0.48059090971946716
0.6915310621261597
0.4929347336292267
0.47148269414901733
0.48337605595588684
0.4583664834499359
0.6864052414894104
0.469268262386322
0.6988971829414368
0.47618597745895386
0.4708477258682251
0.43400686979293823
0.49473026394844055
0.4423984885215759
0.4800296723842621
0.4841635823249817
0.5150154829025269
0.3932945132255554
0.7935599684715271
0.5197363495826721
0.7617349028587341
0.4791882336139679
0.4260752499103546
0.4833318293094635
0.5980851054191589
0.47615623474121094
0.6612147688865662
0.711566686630249
0.6300328969955444
0.46287989616394043
0.48326724767684937
0.7482795119285583
0.44814953207969666
0.6781302690505981
0.4701850116252899
0.46644333004951477
0.45739081501960754
0.8129363059997559
0.4878368079662323
0.5286116600036621
0.4709600508213043
0.49608516693115234
0.4580800533294678
0.7294975519180298
0.4849816858768463
0.41634413599967957
0.39207231998443604
0.7502468824386597
0.5334630608558655
0.5172379016876221
0.4744465947151184
0.6795572638511658
0.5436868071556091
0.6374329328536987
0.4820466935634613
0.45921751856803894
0.6391283273696899
0.5034787654876709
0.4882006347179413
0.44094374775886536
0.4423874020576477
0.6887902617454529
0.5112040638923645
0.4806312322616577
0.46867355704307556
0.49264034628868103
0.44535064697265625
0.5107487440109253
0.48265427350997925
0.6331746578216553
0.5186247825622559
0.4777778387069702
0.44155389070510864
0.4619762897491455
0.48597657680511475
0.4738978147506714
0.4729093909263611
0.6649605631828308
0.4822216331958771
0.7466435432434082
0.42541301250457764
0.5705651640892029
0.48349452018737793
0.746616005897522
0.705488920211792
0.599515974521637
0.5233541131019592
0.47268450260162354
0.6585979461669922
0.6812598705291748
0.5255881547927856
0.5957962870597839
0.7916826605796814
0.48818933963775635
0.5135289430618286
0.5349522829055786
0.5428840517997742
0.631354808807373
0.7024924755096436
0.47623133659362793
0.41642817854881287
0.5248823761940002
0.5477951169013977
0.6287083625793457
0.587868869304657
0.6999836564064026
0.6095823645591736
0.5213173031806946
0.5142119526863098
0.4715820252895355
0.4441402554512024
0.710846483707428
0.8113455772399902
0.6509960293769836
0.8955236673355103
0.49617689847946167
0.45021480321884155
0.5334552526473999
0.6224155426025391
0.4714881181716919
0.6861359477043152
0.4933823347091675
0.6685542464256287
0.4408174455165863
0.4514469504356384
0.7586862444877625
0.474349707365036
0.7607354521751404
0.43786686658859253
0.5641299486160278
0.7040966153144836
0.7559113502502441
0.5544110536575317
0.44497671723365784
0.5260700583457947
0.37895965576171875
0.48765015602111816
0.47061610221862793
0.5869619846343994
0.8814443349838257
0.6685829758644104
0.6598444581031799
0.8075540065765381
0.7580311298370361
0.6728547811508179
0.7074217796325684
0.48684215545654297
0.5353643298149109
0.4616830050945282
0.4685782492160797
0.46106135845184326
0.7401000261306763
0.4719659388065338
0.6562748551368713
0.46592286229133606
0.6457096338272095
0.45013684034347534
0.6962161064147949
0.7050325870513916
0.5113245844841003
0.7665208578109741
0.4463341236114502
0.4841996729373932
0.5926229357719421
0.42881423234939575
0.7383603453636169
0.4443366229534149
0.5407131910324097
0.4179064929485321
0.6339755058288574
0.41649937629699707
0.4859504699707031
0.5201870203018188
0.49524417519569397
0.5525887608528137
0.4225556254386902
0.5127213001251221
0.6863104104995728
0.4731931984424591
0.7148181200027466
0.43928077816963196
0.6241168975830078
0.4777149558067322
0.5221163034439087
0.4165518581867218
0.4674972593784332
0.48383790254592896
0.4377244710922241
0.679004967212677
0.6341644525527954
0.6699650287628174
0.7949031591415405
0.4776969254016876
0.4321654438972473
0.5523461699485779
0.661337673664093
0.8409540057182312
0.4152555763721466
0.4696088135242462
0.8254675269126892
0.8153886198997498
0.9180151224136353
0.3904227316379547
0.958262026309967
0.5934650301933289
0.5044661164283752
0.7456897497177124
0.8205893635749817
0.5055690407752991
0.4702344536781311
0.5745179653167725
0.5279338955879211
0.6380951404571533
0.6066306233406067
0.547576904296875
0.37624913454055786
0.4856795072555542
0.7477985620498657
0.5209287405014038
0.6901516914367676
0.43060147762298584
0.5942209362983704
0.4145735800266266
0.6581984758377075
0.6364522576332092
0.6066370606422424
0.620069146156311
0.5169708132743835
0.7065258026123047
0.507788896560669
0.4746679663658142
0.4509553611278534
0.45529434084892273
0.682462751865387
0.6917232275009155
0.6053900718688965
0.5182104706764221
0.4563729166984558
0.4204808175563812
0.7599659562110901
1.0848188400268555
0.4750465452671051
0.4786074161529541
0.7001745700836182
0.46432581543922424
0.7116050720214844
0.46571609377861023
0.713290274143219
0.7800657153129578
0.5683336853981018
0.7509906888008118
0.8933209776878357
0.5175297260284424
0.519016444683075
0.5143352746963501
0.747468888759613
0.5165817141532898
0.7541903853416443
0.47638198733329773
0.433470219373703
0.42987728118896484
0.4676632583141327
0.4472303092479706
0.6254501938819885
0.7214582562446594
0.5967336893081665
0.7271153926849365
0.6277663707733154
0.48475587368011475
0.48221924901008606
0.6900901794433594
0.5516740679740906
0.6885917782783508
0.759183406829834
0.4914703369140625
0.4722203016281128
0.5177239179611206
0.5411913394927979
0.4943624436855316
0.46479862928390503
0.6593630313873291
0.4883369505405426
0.399427592754364
0.3928091526031494
0.42460983991622925
0.42518889904022217
0.48603659868240356
0.7392929792404175
0.5196565389633179
0.6848697662353516
0.46422436833381653
0.7127267718315125
0.4523624777793884
0.6471968293190002
0.4884965419769287
0.43573352694511414
0.7834556102752686
0.4632907211780548
0.6513504981994629
0.42369598150253296
0.4529917538166046
0.43193763494491577
0.6496513485908508
0.4531306326389313
0.4727363586425781
0.6707926392555237
0.48035943508148193
0.7077543139457703
0.4914993643760681
0.5504226088523865
0.6513872742652893
0.39264583587646484
0.5448735952377319
0.6953310966491699
0.45368698239326477
0.5012132525444031
0.4289189577102661
0.4660528600215912
0.5314074158668518
0.4258285164833069
0.6761719584465027
0.44313499331474304
0.6706423759460449
0.5200445652008057
0.4279417395591736
0.9556272029876709
0.4379594922065735
0.4666631817817688
0.6950604915618896
0.46149393916130066
0.7314140200614929
0.44092658162117004
0.4718689024448395
0.43079590797424316
0.40889811515808105
0.45865142345428467
0.47249549627304077
0.39932921528816223
0.4841131865978241
0.40799784660339355
0.5149475336074829
0.8720779418945312
0.459884375333786
0.4576864540576935
0.660763680934906
0.4160342514514923
0.7255485653877258
0.5944278240203857
0.6973649859428406
0.36675015091896057
0.46542227268218994
0.4466319978237152
0.6556732058525085
0.693379282951355
0.43778130412101746
0.43665382266044617
0.45670241117477417
0.45736950635910034
0.48658233880996704
0.7169384956359863
0.6197147369384766
0.627768337726593
0.6493491530418396
0.6290944814682007
0.6525559425354004
0.7329658269882202
0.42875999212265015
0.4310414791107178
0.7131040692329407
0.6836785674095154
0.73187655210495
0.6802780628204346
0.4441734254360199
0.4827086627483368
0.6436581611633301
0.5876865983009338
0.6665785312652588
0.7880148887634277
0.47525256872177124
0.4586378037929535
0.41530102491378784
0.6948851943016052
0.5253180861473083
0.54080730676651
0.6651551723480225
0.49507784843444824
0.6329768896102905
0.5210154056549072
0.7560263872146606
0.4640597403049469
0.462270587682724
0.41450366377830505
0.40049073100090027
0.6731141805648804
0.4705297350883484
0.4888444244861603
0.38881999254226685
0.7297453284263611
0.4085325598716736
0.5418254733085632
0.4388243854045868
0.6779161095619202
0.7587754130363464
0.42739158868789673
0.4737372100353241
0.47922176122665405
0.5464830994606018
0.6689096689224243
0.5085099935531616
0.36907759308815
0.542022705078125
0.6048738956451416
0.6052144765853882
0.47144004702568054
0.41246193647384644
0.5501447916030884
0.4292594790458679
0.44088461995124817
0.6915836930274963
0.4983455538749695
0.4812091588973999
0.6678156852722168
0.6667404174804688
0.7123055458068848
0.6843274831771851
0.691123366355896
0.6409099102020264
0.47341373562812805
0.6526383757591248
0.48270660638809204
0.5306058526039124
0.49500590562820435
0.4258120656013489
0.46958354115486145
0.7468608617782593
0.5369389653205872
0.6815035343170166
0.36645516753196716
0.6209450364112854
0.5092710256576538
0.46322086453437805
0.5449414253234863
0.5630502104759216
0.7171856164932251
0.680798351764679
0.726798415184021
0.6930526494979858
0.4798057973384857
0.4585573077201843
0.6320814490318298
0.4507579803466797
0.4837431311607361
0.5432237982749939
0.6182811856269836
0.5487725734710693
0.5710151195526123
0.45477911829948425
0.6618444919586182
0.48781144618988037
0.45814210176467896
0.5252948999404907
0.6740057468414307
0.6274505257606506
0.40482795238494873
0.4439283609390259
0.49037325382232666
0.7604225873947144
0.5853157639503479
0.6901227831840515
0.6241989731788635
0.7577458024024963
0.5527581572532654
0.5044688582420349
0.6632331609725952
0.5342270135879517
0.5260210037231445
0.7203489542007446
0.6761577725410461
0.47134408354759216
0.537760853767395
0.5067402124404907
0.6834923624992371
0.4747997224330902
0.48976749181747437
0.43625912070274353
0.48120495676994324
0.47253721952438354
0.4039837718009949
0.4686267375946045
0.47650519013404846
0.4579140841960907
0.44626402854919434
0.46786966919898987
0.4332462251186371
0.6337829828262329
0.4737509787082672
0.7534237504005432
0.4231657087802887
0.5094207525253296
0.7237468957901001
0.6763566732406616
0.632952868938446
0.4567831754684448
0.49061083793640137
0.7132799029350281
0.48287299275398254
0.7052190899848938
0.48756447434425354
0.6666815280914307
0.6265539526939392
0.6810128688812256
0.6461551189422607
0.4528333246707916
0.699392557144165
0.6396839022636414
0.48922842741012573
0.4682038426399231
0.6152434945106506
0.6846953630447388
0.4830698072910309
0.6046059727668762
0.5037438869476318
0.7040596604347229
0.43374165892601013
0.39887410402297974
0.40280681848526
0.4541753828525543
0.46809935569763184
0.6628570556640625
0.6633284091949463
0.5261262059211731
0.44452762603759766
0.49953436851501465
0.43554046750068665
0.49699267745018005
0.45209425687789917
0.6487867832183838
0.4373232126235962
0.6963117718696594
0.5130437016487122
0.5192506313323975
0.7182804346084595
0.7445049285888672
0.46322882175445557
0.4997541904449463
0.6420765519142151
0.6600357890129089
0.4370673894882202
0.5184999704360962
0.6697166562080383
0.3847264349460602
0.7187692523002625
0.6241121292114258
0.523302435874939
0.5575937032699585
0.5268956422805786
0.4847941994667053
0.43340569734573364
0.4643128216266632
0.7995834350585938
0.5345991849899292
0.511944055557251
0.44684767723083496
0.5326080918312073
0.741719126701355
0.4353346526622772
0.48897743225097656
0.4289524555206299
0.47788378596305847
0.5002183318138123
0.699026882648468
0.50032639503479
0.4131801128387451
0.47681984305381775
0.6510663032531738
0.501884937286377
0.4363076686859131
0.45388489961624146
0.5994120240211487
0.6184470653533936
0.4952378571033478
0.7041488885879517
0.4506970942020416
0.43598514795303345
0.4726947844028473
0.6798092722892761
0.606066107749939
0.40086987614631653
0.5176302790641785
0.4263690710067749
0.4002222418785095
0.6468331813812256
0.6994619965553284
0.44111016392707825
0.4508894383907318
0.39428848028182983
0.48769107460975647
0.5393535494804382
0.6788453459739685
0.691749095916748
0.513056755065918
0.7660713791847229
0.40975311398506165
0.5654865503311157
0.4270247519016266
0.7003210186958313
0.42736321687698364
0.6429567933082581
0.5074113011360168
0.665272057056427
0.4877593219280243
0.6567752361297607
0.45851731300354004
0.47711145877838135
0.49364203214645386
0.6655066609382629
0.3996564447879791
0.4143925607204437
0.44944480061531067
0.6902996301651001
0.648607611656189
0.682120680809021
0.4353991448879242
0.4730537533760071
0.7040042877197266
0.47625336050987244
0.4368763864040375
0.46835628151893616
0.6452732682228088
0.7200666666030884
0.4579647481441498
0.4846164584159851
0.48489609360694885
0.5691372156143188
0.47277364134788513
0.6987528800964355
0.6429857611656189
0.6647998094558716
0.4511839747428894
0.6665406227111816
0.6885612607002258
0.6437130570411682
0.46173200011253357
0.6657414436340332
0.5468690991401672
0.6735840439796448
0.4408395290374756
0.38882172107696533
0.47927355766296387
0.42152050137519836
0.7151982188224792
0.43602094054222107
0.4460216462612152
0.6134771704673767
0.3879375457763672
0.3685579299926758
0.6400116086006165
0.5155127048492432
0.43536511063575745
0.6427351236343384
0.4438028633594513
0.6525203585624695
0.7036241888999939
0.6442447900772095
0.645495593547821
0.5396632552146912
0.43300604820251465
0.6730430126190186
0.656503438949585
0.6489195227622986
0.6865852475166321
0.4333401024341583
0.4764590859413147
0.4786272346973419
0.7961004376411438
0.3990505337715149
0.421326220035553
0.6289148926734924
0.6317312121391296
0.6926898956298828
0.46352508664131165
0.45598888397216797
0.4231124222278595
0.47004926204681396
0.38958579301834106
0.7088600993156433
0.4846971035003662
0.40942174196243286
0.4438317120075226
0.45760926604270935
0.45706191658973694
0.4361664652824402
0.6418656706809998
0.7047427892684937
0.6784142851829529
0.7339006066322327
0.6737795472145081
0.558756411075592
0.41337284445762634
0.43909817934036255
0.6115352511405945
0.6786894202232361
0.37849727272987366
0.5064267516136169
0.4628615081310272
0.5039593577384949
0.6206664443016052
0.4292465150356293
0.5138290524482727
0.48309966921806335
0.4410262405872345
0.4396458864212036
0.47173580527305603
0.6862202286720276
0.44689059257507324
0.7123721241950989
0.41302841901779175
0.43672123551368713
0.40598025918006897
0.4276682734489441
0.4215106964111328
0.501382052898407
0.6252443194389343
0.4193614721298218
0.4035945534706116
0.6057321429252625
0.4105021357536316
0.40982529520988464
0.4285646378993988
0.5568463802337646
0.6002277135848999
0.7018970251083374
0.45801860094070435
0.39782655239105225
0.5088170766830444
0.6189987659454346
0.7191153168678284
0.5005092620849609
0.44683837890625
0.4170576333999634
0.41157740354537964
0.6972004175186157
0.6590060591697693
0.786023736000061
0.5014678835868835
0.7162870168685913
0.4972132444381714
0.645048201084137
0.4273203909397125
0.7313504219055176
0.8467012047767639
0.7228913307189941
0.49427273869514465
0.571755051612854
0.5089229345321655
0.7052388191223145
0.6715717911720276
0.4340471923351288
0.47045448422431946
0.6885462403297424
0.594167172908783
0.4834304451942444
0.425080269575119
0.43889808654785156
0.6605409383773804
0.47118857502937317
0.6270132660865784
0.4069144129753113
0.6870661973953247
0.658774197101593
0.5819289684295654
0.6156322360038757
0.46319589018821716
0.46261364221572876
0.5119786262512207
0.7221006751060486
0.6993970274925232
0.4403986632823944
0.45995980501174927
0.5543608069419861
0.6225823760032654
0.549275279045105
0.46319380402565
0.4436333477497101
0.6736593842506409
0.6862046122550964
0.4492737054824829
0.7405419945716858
0.694144070148468
0.6754112243652344
0.5074716210365295
0.4008972644805908
0.4344012439250946
0.791044294834137
0.6974139213562012
0.45278170704841614
0.719895601272583
0.3737916946411133
0.4117358922958374
0.44921383261680603
0.46294915676116943
0.5518842935562134
0.6644125580787659
0.44258490204811096
0.5035958290100098
0.5153022408485413
0.4036046862602234
0.6898157596588135
0.45885157585144043
0.4501977860927582
0.669064998626709
0.6636612415313721
0.48570922017097473
0.7147603034973145
0.49039122462272644
0.4210840165615082
0.4561181962490082
0.41868606209754944
0.40550342202186584
0.41139715909957886
0.5023069977760315
0.7040741443634033
0.4363321363925934
0.44951164722442627
0.6392979621887207
0.3957957923412323
0.6695752143859863
0.6517391800880432
0.6634281277656555
0.4786999523639679
0.6620811223983765
0.4064025580883026
0.44748827815055847
0.5030820369720459
0.6620445847511292
0.4829176664352417
0.5530698299407959
0.5635207295417786
0.6793565154075623
0.5427005290985107
0.7120800018310547
0.6491779088973999
0.5449182391166687
0.5362237691879272
0.42728564143180847
0.43746429681777954
0.8523286581039429
0.4637872278690338
0.7008245587348938
0.6594793200492859
0.48232144117355347
0.48648107051849365
0.4524320662021637
0.5080258250236511
0.47868621349334717
0.6158680319786072
0.6677417159080505
0.6173232793807983
0.5250335335731506
0.4095210134983063
0.4732312262058258
0.5257430076599121
0.506653904914856
0.5269055366516113
0.436723530292511
0.4685092866420746
0.5936930179595947
0.4444037973880768
0.38589245080947876
0.4332168698310852
0.46618637442588806
0.40801918506622314
0.6675741672515869
0.6682938933372498
0.6712849140167236
0.6861950755119324
0.6743831634521484
0.45853203535079956
0.4287494421005249
0.42184534668922424
0.6293329000473022
0.6933817863464355
0.701805591583252
0.41644564270973206
0.5212454795837402
0.42244258522987366
0.4673539102077484
0.4455944895744324
0.43850597739219666
0.4518295228481293
0.5396127104759216
0.5029332041740417
0.5938419103622437
0.7195770144462585
0.42753127217292786
0.6103938817977905
0.46126964688301086
0.4471031427383423
0.7173974514007568
0.42238497734069824
0.6691699028015137
0.49172696471214294
0.6712068915367126
0.44423243403434753
0.6735959649085999
0.48072201013565063
0.6007887721061707
0.3870692551136017
0.5723127126693726
0.42661553621292114
0.5876438021659851
0.4382110834121704
0.43040111660957336
0.45249640941619873
0.42653316259384155
0.6597922444343567
0.710608720779419
0.7216998338699341
0.44010689854621887
0.6380297541618347
0.4153045415878296
0.4673535227775574
0.40684226155281067
0.5280210971832275
0.6977871060371399
0.41668692231178284
0.47124847769737244
0.5743305683135986
0.6312443017959595
0.6853282451629639
0.4708278775215149
0.4697960317134857
0.4753568172454834
0.7948107719421387
0.4848545789718628
0.7101182341575623
0.5338906645774841
1.2279324531555176
0.45429664850234985
0.4926958382129669
0.8300660848617554
0.9118829369544983
0.5871970057487488
0.41985175013542175
0.48840272426605225
0.5163798332214355
0.5140116214752197
0.6616107225418091
0.4254952669143677
0.47332555055618286
0.4830598533153534
0.4513832926750183
0.7614908814430237
0.43469005823135376
0.5207440853118896
0.5137088298797607
0.6380945444107056
0.48872148990631104
0.5626234412193298
0.661654531955719
0.4711349904537201
0.39777863025665283
0.4401262700557709
0.7063202857971191
0.4046655595302582
0.43120089173316956
0.48635509610176086
0.6902626156806946
0.6389063596725464
0.38165974617004395
0.6776231527328491
0.4908064603805542
0.4503518342971802
0.471609890460968
0.4379863440990448
0.4580211639404297
0.6061627864837646
0.5536272525787354
0.44670143723487854
0.4193503260612488
0.4994378387928009
0.4360101819038391
0.4883756637573242
0.4227263927459717
0.7205395698547363
0.40324950218200684
0.5098228454589844
0.7426272630691528
0.6790370345115662
0.6781510710716248
0.48355209827423096
0.4356333613395691
0.4676049053668976
0.3968181610107422
0.7071772217750549
0.47145870327949524
0.44788819551467896
0.4139411151409149
0.6382888555526733
0.4573127031326294
0.4645397961139679
0.6398490071296692
0.38902783393859863
0.7823494076728821
0.700009286403656
0.3987320065498352
0.7491441965103149
0.7100870609283447
0.44921958446502686
0.42031940817832947
0.47984451055526733
0.6673886775970459
0.5060368180274963
0.49134400486946106
0.527767539024353
0.487837016582489
0.7104740738868713
0.42890703678131104
0.6302682757377625
0.576988935470581
0.42191529273986816
0.48020005226135254
0.7699746489524841
0.40500494837760925
0.4832422137260437
0.4439985752105713
0.43939751386642456
0.4399959444999695
0.5199829339981079
0.4987609088420868
0.6528751850128174
0.47904202342033386
0.6512631177902222
0.46007224917411804
0.6954169273376465
0.4620707631111145
0.6907507181167603
0.6830343008041382
0.6825606822967529
0.6621567606925964
0.6324782371520996
0.40536555647850037
0.4288148880004883
0.42408859729766846
0.4714311361312866
0.4451887011528015
0.4082259237766266
0.46994778513908386
0.6810251474380493
0.6207815408706665
0.49571675062179565
0.7029590010643005
0.424437016248703
0.4217277467250824
0.48547008633613586
0.4617738425731659
0.4369021952152252
0.418617844581604
0.7072506546974182
0.6735480427742004
0.35219794511795044
0.5098950862884521
0.6798208355903625
0.4507991671562195
0.4479917585849762
0.429521381855011
0.4574040472507477
0.4859417974948883
0.6962215304374695
0.40909361839294434
0.5327041149139404
0.6369675993919373
0.41410011053085327
0.45047852396965027
0.4679907560348511
0.6466116905212402
0.6526543498039246
0.5716982483863831
0.662864089012146
0.45934075117111206
0.4061135947704315
0.6639446020126343
0.7433556914329529
0.4647945463657379
0.44379788637161255
0.5873526334762573
0.6909871101379395
0.39867180585861206
0.6515508890151978
0.625825822353363
0.38585585355758667
0.44892677664756775
0.6758032441139221
0.6093123555183411
0.7624778151512146
0.39638885855674744
0.6594472527503967
0.7267319560050964
0.4256385862827301
0.7081631422042847
0.4314557611942291
0.7329368591308594
0.708106279373169
0.7207881212234497
0.6943110823631287
0.6840568780899048
0.6566107869148254
0.5151285529136658
0.47398608922958374
0.7834736704826355
0.4320603609085083
0.6715850830078125
0.48709341883659363
0.6250335574150085
0.41413092613220215
0.6843782067298889
0.441214382648468
0.4348304867744446
0.39797744154930115
0.6477320194244385
0.454939067363739
0.6815117597579956
0.6648952960968018
0.4160536229610443
0.4682910442352295
0.6412808299064636
0.47052001953125
0.3942033052444458
0.4857209324836731
0.4913390278816223
0.6732935905456543
0.4623061716556549
0.7981845736503601
0.4204292595386505
0.4348079562187195
0.6631121635437012
0.3942171335220337
0.45028817653656006
0.41080260276794434
0.6598857641220093
0.5753215551376343
0.41340047121047974
0.4573169946670532
0.40856561064720154
0.6827618479728699
0.3563650846481323
0.5623844265937805
0.41333454847335815
0.5556923747062683
0.45266491174697876
0.38911324739456177
0.690517783164978
0.3732524812221527
0.4420710504055023
0.414077490568161
0.41605719923973083
0.6537377238273621
0.6764528751373291
0.44316115975379944
0.6861801147460938
0.5301361083984375
0.4355400800704956
0.410826712846756
0.512535810470581
0.4520626962184906
0.6773964166641235
0.45737579464912415
0.4389514625072479
0.43226608633995056
0.7375500202178955
0.4237358868122101
0.6453931331634521
0.7231911420822144
0.7061813473701477
0.4372013211250305
0.43189918994903564
0.6948143839836121
0.4876745343208313
0.45794305205345154
0.5443953275680542
0.6688030362129211
0.6005341410636902
0.4223945736885071
0.46035000681877136
0.4358726441860199
0.46415945887565613
0.4635031223297119
0.43960151076316833
0.7018498182296753
0.4389077126979828
0.42431217432022095
0.7648385763168335
0.489591509103775
0.45835259556770325
0.6449452042579651
0.4195875823497772
0.44374698400497437
0.5104279518127441
0.6726057529449463
0.6241665482521057
0.4149056375026703
0.7455610632896423
0.4353662431240082
0.42632606625556946
0.4341169595718384
0.5335955023765564
0.49524298310279846
0.43303734064102173
0.46428239345550537
0.41698554158210754
0.5292962789535522
0.46965911984443665
0.6356558799743652
0.6658093333244324
0.47670653462409973
0.4558333456516266
0.6083943247795105
0.4184127151966095
0.48553410172462463
0.7133145332336426
0.6564415693283081
0.40004950761795044
0.6131792068481445
0.4804919362068176
0.48059070110321045
0.6396399140357971
0.6494072675704956
0.43262892961502075
0.49115312099456787
0.6353100538253784
0.5132185220718384
0.4282182455062866
0.4167919158935547
0.5892723202705383
0.44065749645233154
0.38051551580429077
0.4497699737548828
0.4538770020008087
0.6029355525970459
0.4426681101322174
0.4706071615219116
0.7162488698959351
0.40873706340789795
0.5046451687812805
0.4779393672943115
0.6079971194267273
0.6630454063415527
0.4672437608242035
0.8585619926452637
0.47283467650413513
0.3857998549938202
0.7342216372489929
0.6163338422775269
0.4748026132583618
0.42572593688964844
0.7120142579078674
0.6846972107887268
0.453482985496521
0.4230511486530304
0.5052919983863831
0.6064989566802979
0.5204269886016846
0.5507417917251587
0.4963645040988922
0.48575860261917114
0.6172484159469604
0.6476206183433533
0.6437519788742065
0.3950677514076233
0.6465628743171692
0.44325798749923706
0.6253384947776794
0.6727065443992615
0.42211973667144775
0.34683945775032043
0.6864205002784729
0.7190393805503845
0.7142221331596375
0.5670081973075867
0.5981930494308472
0.5364648699760437
0.46799102425575256
0.5130115747451782
0.4634517729282379
0.367599755525589
0.319193959236145
0.6102851629257202
0.6429126858711243
0.6967553496360779
0.4614498019218445
0.34095725417137146
0.6141796708106995
0.4561062157154083
0.42994704842567444
0.46533888578414917
0.6252453327178955
0.6607856154441833
0.6383896470069885
0.7611387372016907
0.449351042509079
0.3935847878456116
0.74754798412323
0.40210288763046265
0.4841359853744507
0.4702877104282379
0.6692583560943604
0.4537341594696045
0.654317319393158
0.6051057577133179
0.45982345938682556
0.6709341406822205
0.4987064599990845
0.7228527665138245
0.42053043842315674
0.4313836395740509
0.42494651675224304
0.4142611026763916
0.6843202710151672
0.370500385761261
0.42503342032432556
0.5140313506126404
0.527401328086853
0.670347273349762
0.5138996243476868
0.41705211997032166
0.665154218673706
0.4133622348308563
0.5468241572380066
0.7168581485748291
0.6337758898735046
0.4284254014492035
0.41950875520706177
0.42344164848327637
0.655610203742981
0.4657466411590576
0.7456448078155518
0.5560106635093689
0.6357676386833191
0.5037376880645752
0.370301753282547
0.6740757822990417
0.4683479964733124
0.66448575258255
0.4293409585952759
0.4594299793243408
0.6548088192939758
0.46555912494659424
0.4596323072910309
0.603771984577179
0.47960543632507324
0.6270818114280701
0.46054190397262573
0.4281551241874695
0.45689573884010315
0.4528917670249939
0.6418319940567017
0.4404458999633789
0.5154820084571838
0.5151025652885437
0.6271539330482483
0.3989768624305725
0.4762848913669586
0.6157814860343933
0.673736572265625
0.47889193892478943
0.4968847632408142
0.4446428716182709
0.4713054895401001
0.4494210481643677
0.3947637975215912
0.662553071975708
0.48032915592193604
0.5606586337089539
0.6361892819404602
0.4341623783111572
0.49975258111953735
0.41909995675086975
0.6267882585525513
0.3883526921272278
0.46939581632614136
0.4161148965358734
0.6518664360046387
0.5036460757255554
0.6726479530334473
0.4426054060459137
0.42281243205070496
0.4376922845840454
0.5107356905937195
0.43762314319610596
0.4319912791252136
0.45187392830848694
0.4336165487766266
0.49053874611854553
0.7418118119239807
0.39468440413475037
0.45643511414527893
0.484755277633667
0.4631740152835846
0.40666019916534424
0.6103992462158203
0.48128384351730347
0.506141185760498
0.47654685378074646
0.666374146938324
0.42960846424102783
0.45303240418434143
0.7810101509094238
0.4803466796875
0.4486128091812134
0.4685937762260437
0.6551546454429626
0.6802288889884949
0.3786329925060272
0.6927460432052612
0.43073028326034546
0.6955155730247498
0.3966232240200043
0.4706047773361206
0.6009337902069092
0.6492694020271301
0.3981481194496155
0.48235031962394714
0.49711477756500244
0.4336968958377838
0.4905826151371002
0.6457443237304688
0.41389426589012146
0.5831661224365234
0.4006088674068451
0.36149102449417114
0.42711424827575684
0.41719040274620056
0.38594233989715576
0.6464252471923828
0.3505130112171173
0.3674287497997284
0.6601481437683105
0.41389304399490356
0.6239614486694336
0.4235619306564331
0.5268135070800781
0.43768230080604553
0.4446856677532196
0.5324915647506714
0.6256529688835144
0.5964650511741638
0.40734967589378357
0.4126402735710144
0.5248534679412842
0.6805577874183655
0.665751576423645
0.46797576546669006
0.5089777708053589
0.38415563106536865
0.40050625801086426
0.67183518409729
0.5369335412979126
0.6665092706680298
0.6971272230148315
0.43721893429756165
0.42649024724960327
0.3990779221057892
0.6686540246009827
0.3571889400482178
0.706702709197998
0.4184097349643707
0.5035459995269775
0.6552186012268066
0.6819459795951843
0.7375887036323547
0.6202792525291443
0.4271070957183838
0.42742493748664856
0.3969156742095947
0.6424881219863892
0.4111962616443634
0.6634172797203064
0.5930353403091431
0.4584345519542694
0.46041756868362427
0.4235610067844391
0.4212936460971832
0.39346230030059814
0.43727806210517883
0.628612756729126
0.5107924938201904
0.40428581833839417
0.423854798078537
0.385869562625885
0.4081006646156311
0.40065816044807434
0.4527401626110077
0.40760788321495056
0.479439914226532
0.6288037300109863
0.4183368384838104
0.6484350562095642
0.4211810827255249
0.6439235210418701
0.6338447332382202
0.4118090867996216
0.4244394600391388
0.47141969203948975
0.41612762212753296
0.650470495223999
0.7173036336898804
0.4152768850326538
0.6635009050369263
0.47270601987838745
0.42313262820243835
0.4165708124637604
0.41384899616241455
0.3916785717010498
0.4315831661224365
0.6831972002983093
0.6527985334396362
0.627891480922699
0.4475630521774292
0.39742881059646606
0.4270215630531311
0.6962719559669495
0.4308634102344513
0.6821082234382629
0.6251672506332397
0.4037829637527466
0.39322537183761597
0.5946325063705444
0.626414954662323
0.680798351764679
0.4617922902107239
0.4332035183906555
0.4851257801055908
0.608991265296936
0.4210861325263977
0.48878490924835205
0.49596747756004333
0.44722679257392883
0.6793809533119202
0.6182514429092407
0.4233716130256653
0.6335342526435852
0.710022509098053
0.43381941318511963
0.6519773602485657
0.43244224786758423
0.4969389736652374
0.6006286144256592
0.4306899905204773
0.7010217308998108
0.5978761911392212
0.4504902958869934
0.6589528918266296
0.416803240776062
0.6521595120429993
0.5071861147880554
0.48790016770362854
0.4183351993560791
0.3586808145046234
0.615212082862854
0.45637255907058716
0.6510674357414246
0.707446277141571
0.6274986267089844
0.42086711525917053
0.6406208872795105
0.46423661708831787
0.4084576666355133
0.4914710223674774
0.45587074756622314
0.5107710361480713
0.41811469197273254
0.47004836797714233
0.41738033294677734
0.40132370591163635
0.6362465023994446
0.45700791478157043
0.5133305191993713
0.4160536229610443
0.614759087562561
0.582291305065155
0.42011168599128723
0.40607303380966187
0.40141022205352783
0.4776063859462738
0.6467101573944092
0.6209545731544495
0.41028502583503723
0.4208888113498688
0.40415704250335693
0.39785289764404297
0.4292217493057251
0.4965049624443054
0.40325984358787537
0.6131399273872375
0.6667839884757996
0.4000031352043152
0.3989309072494507
0.47805389761924744
0.4766378700733185
0.6199371218681335
0.4173702299594879
0.6532158851623535
0.411540687084198
0.40257272124290466
0.6493827104568481
0.6357160210609436
0.43751800060272217
0.688363254070282
0.3981609344482422
0.6260300278663635
0.41488856077194214
0.3925889730453491
0.6615927815437317
0.38473278284072876
0.478369802236557
0.6868959069252014
0.38210463523864746
0.45317620038986206
0.44732606410980225
0.42388251423835754
0.6589600443840027
0.5509912371635437
0.4210420250892639
0.6543096303939819
0.6047728061676025
0.610863208770752
0.4437621235847473
0.6448342204093933
0.43114882707595825
0.4785665273666382
0.6804665923118591
0.5418355464935303
0.6319670081138611
0.39445891976356506
0.3849923014640808
0.5101625919342041
0.70993971824646
0.5763228535652161
0.6478702425956726
0.4468020498752594
0.33811429142951965
0.3702632784843445
0.5902984142303467
0.38393428921699524
0.40368789434432983
0.45488235354423523
0.4183615446090698
0.4970821738243103
0.3635346293449402
0.4233378469944
0.6220538020133972
0.4917845129966736
0.6403658390045166
0.43774673342704773
0.7337777614593506
0.669068455696106
0.4404434561729431
0.598940908908844
0.6815127730369568
0.39068907499313354
0.6298026442527771
0.5946874022483826
0.3908913731575012
0.6544592976570129
0.4770950376987457
0.661162793636322
0.3868767023086548
0.3969590663909912
0.43983232975006104
0.5931975841522217
0.3497439920902252
0.48105794191360474
0.6083052158355713
0.3994375467300415
0.4020688235759735
0.6428729295730591
0.4248189926147461
0.6817929744720459
0.38732850551605225
0.44226375222206116
0.6457545757293701
0.4140911102294922
0.6559743285179138
0.5921279191970825
0.4377260208129883
0.42921027541160583
0.3901035189628601
0.41757574677467346
0.5975397825241089
0.42743346095085144
0.3772648274898529
0.46611103415489197
0.3502265214920044
0.47551286220550537
0.37600967288017273
0.4736948013305664
0.46295905113220215
0.43008363246917725
0.41728249192237854
0.42982709407806396
0.6018867492675781
0.4226706624031067
0.4520076811313629
0.44951367378234863
0.7065216302871704
0.47818106412887573
0.4034452438354492
0.6008701324462891
0.41551312804222107
0.6692058444023132
0.606288731098175
0.4222217798233032
0.7036185264587402
0.3742974102497101
0.42574137449264526
0.700966477394104
0.4624268412590027
0.4511122405529022
0.4397279620170593
0.6537489295005798
0.46162569522857666
0.32952988147735596
0.38261473178863525
0.6039291024208069
0.6036908626556396
0.6805122494697571
0.42680948972702026
0.47383809089660645
0.6662700772285461
0.5669322609901428
0.6015651822090149
0.5836279988288879
0.49970757961273193
0.5902564525604248
0.38982799649238586
0.6971832513809204
0.4327508509159088
0.46713000535964966
0.6080515384674072
0.5810821652412415
0.6477005481719971
0.37223541736602783
0.44577735662460327
0.6029813289642334
0.571759819984436
0.4297158718109131
0.3974975347518921
0.45710861682891846
0.3704475164413452
0.424042284488678
0.6068868041038513
0.6029096841812134
0.6868757605552673
0.39522111415863037
0.5099831819534302
0.5035889744758606
0.40399715304374695
0.41851547360420227
0.5923137068748474
0.6778138875961304
0.4282118082046509
0.7358638048171997
0.6185724139213562
0.4865178167819977
0.40869686007499695
0.46132349967956543
0.6310899257659912
0.42857086658477783
0.44374674558639526
0.4224209487438202
0.6534864902496338
0.6153404116630554
0.6173770427703857
0.34081822633743286
0.37510931491851807
0.3600386083126068
0.576602041721344
0.43528106808662415
0.4325907826423645
0.4638257622718811
0.438393771648407
0.43757569789886475
0.3911120891571045
0.42937928438186646
0.4704993963241577
0.4626297056674957
0.6270143985748291
0.39211204648017883
0.5035653114318848
0.3767741918563843
0.6482390761375427
0.35997170209884644
0.44754260778427124
0.4193309545516968
0.5853666067123413
0.43685370683670044
0.4845127463340759
0.3835187554359436
0.6205770969390869
0.3479643166065216
0.391634076833725
0.7299785614013672
0.5552524328231812
0.37981978058815
0.448842853307724
0.4484892785549164
0.5746380090713501
0.6292165517807007
0.5291073322296143
0.49253684282302856
0.5414167642593384
0.40897175669670105
0.44717612862586975
0.4241154193878174
0.4940880537033081
0.3976791799068451
0.45758914947509766
0.4269045889377594
0.5054099559783936
0.6870902180671692
0.4491650462150574
0.4639877676963806
0.4378422200679779
0.45465630292892456
0.44084277749061584
0.3806452453136444
0.38390228152275085
0.3487112820148468
0.34989190101623535
0.6220914125442505
0.4349075257778168
0.5928868651390076
0.48675546050071716
0.3852212131023407
0.4032125174999237
0.4391050636768341
0.3433757722377777
0.3661426901817322
0.6652172207832336
0.39009326696395874
0.5859108567237854
0.4422233998775482
0.5651578307151794
0.39079397916793823
0.4276127517223358
0.49263903498649597
0.41923144459724426
0.6549521684646606
0.6680333614349365
0.3986811935901642
0.6195120811462402
0.46915897727012634
0.7366538047790527
0.35829079151153564
0.36130431294441223
0.6796736121177673
0.4370274245738983
0.4147952198982239
0.3637082576751709
0.41158172488212585
0.37562429904937744
0.43189868330955505
0.3800825774669647
0.4539072513580322
0.3352266252040863
0.43549758195877075
0.45255210995674133
0.3619248867034912
0.5070056915283203
0.3327063024044037
0.3976110816001892
0.4465828239917755
0.420134574174881
0.3853166103363037
0.33592069149017334
0.40808695554733276
0.4833880364894867
0.41447126865386963
0.4899117946624756
0.4216589033603668
0.5732314586639404
0.831386923789978
0.42746758460998535
0.3378527760505676
0.3954012989997864
0.5560365915298462
0.40505069494247437
0.42167723178863525
0.354679137468338
0.3762103021144867
0.42532670497894287
0.5824519395828247
0.4596449136734009
0.4593718647956848
0.7204132080078125
0.37751665711402893
0.5763618350028992
0.5126684308052063
0.41904309391975403
0.4904569685459137
0.3645121455192566
0.37802040576934814
0.34669002890586853
0.3497515022754669
0.4797321557998657
0.5599586367607117
0.386941522359848
0.42115291953086853
0.6502508521080017
0.5926210880279541
0.37290358543395996
0.5772083401679993
0.34449252486228943
0.3940903842449188
0.26651957631111145
0.6098544597625732
0.4194035828113556
0.3985446095466614
0.42705437541007996
0.6275631189346313
0.6424129009246826
0.637384295463562
0.3926553428173065
0.5848987698554993
0.5588016510009766
0.45427197217941284
0.4138874411582947
0.5923222303390503
0.3830060064792633
0.5671632289886475
0.43345358967781067
0.5817195773124695
0.4330594539642334
0.7018972039222717
0.3728163540363312
0.3285650610923767
0.41045016050338745
0.40445274114608765
0.39525696635246277
0.6375102400779724
0.4194276034832001
0.37014850974082947
0.3574327528476715
0.4765750467777252
0.37818634510040283
0.7046040296554565
0.4598996639251709
0.6340324878692627
0.43232423067092896
0.47134727239608765
0.577603280544281
0.4127228558063507
0.37785613536834717
0.4052259027957916
0.655702531337738
0.3871631622314453
0.31282109022140503
0.39076101779937744
0.6111046075820923
0.42414751648902893
0.4613340497016907
0.40797504782676697
0.42867130041122437
0.35946303606033325
0.3473506271839142
0.6139268279075623
0.6164993047714233
0.3624049425125122
0.36286044120788574
0.3767658472061157
0.42146411538124084
0.3122563362121582
0.5770877599716187
0.7131337523460388
0.617171585559845
0.539868950843811
0.5692217350006104
0.36332985758781433
0.4779491722583771
0.30968159437179565
0.3646371066570282
0.5027088522911072
0.5469461679458618
0.45270633697509766
0.5964927077293396
0.5044233202934265
0.4487961232662201
0.448211133480072
0.4641854166984558
0.669725239276886
0.4230843782424927
0.5437865853309631
0.45283204317092896
0.4894484281539917
0.40670040249824524
0.5954294204711914
0.35346096754074097
0.542166531085968
0.42430782318115234
0.4418625235557556
0.452296644449234
0.6378235816955566
0.41613978147506714
0.46876752376556396
0.3540664613246918
0.5631052255630493
0.5018168091773987
0.4313001334667206
0.39103612303733826
0.6045073866844177
0.5550949573516846
0.5464298129081726
0.518114447593689
0.5754309296607971
0.4559938907623291
0.3698911666870117
0.4431489109992981
0.5638853311538696
0.5711833834648132
0.5367324948310852
0.5508133172988892
0.31950873136520386
0.5308136343955994
0.46945059299468994
0.5456094145774841
0.585378885269165
0.665046751499176
0.3784487843513489
0.3710978031158447
0.3611586093902588
0.37532898783683777
0.6714766025543213
0.3220275938510895
0.26558879017829895
0.31586262583732605
0.3729095757007599
0.625438928604126
0.6137807965278625
0.6351372003555298
0.5973840951919556
0.363596111536026
0.3355640470981598
0.47587037086486816
0.5394725799560547
0.5616399049758911
0.5877174735069275
0.620786190032959
0.6139305233955383
0.43048423528671265
0.31070709228515625
0.43073371052742004
0.4377250671386719
0.6057130098342896
0.6086549162864685
0.4625621736049652
0.5225178003311157
0.5504093170166016
0.31835222244262695
0.3529053032398224
0.6426969766616821
0.32691529393196106
0.30803757905960083
0.5645619034767151
0.2710362374782562
0.4613678753376007
0.3268624246120453
0.4467885196208954
0.44101741909980774
0.37111008167266846
0.32020509243011475
0.24347317218780518
0.5603876709938049
0.5737094283103943
0.37619125843048096
0.6218960285186768
0.5815545916557312
0.528829038143158
0.556299090385437
0.47993701696395874
0.32306769490242004
0.523199737071991
0.5124027729034424
0.5323135852813721
0.5968757271766663
0.5354556441307068
0.4714357256889343
0.4340354800224304
0.5097913146018982
0.47107020020484924
0.4069335162639618
0.2985531985759735
0.3635270595550537
0.39146071672439575
0.5463177561759949
0.3496525287628174
0.5020042657852173
0.4565874934196472
0.44733548164367676
0.41197216510772705
0.39640793204307556
0.45436161756515503
0.583230197429657
0.4071628451347351
0.569441020488739
0.371346652507782
0.5052043795585632
0.689922571182251
0.6464441418647766
0.5479848980903625
0.32313159108161926
0.598518967628479
0.33067798614501953
0.5271272659301758
0.650503396987915
0.28429368138313293
0.5751641988754272
0.382872998714447
0.4264814853668213
0.2611967921257019
0.306359201669693
0.5057016015052795
0.3016309440135956
0.5181693434715271
0.3764549195766449
0.3760542571544647
0.38596871495246887
0.28478026390075684
0.35217416286468506
0.3339186906814575
0.585568368434906
0.5662574172019958
0.36923283338546753
0.4400978088378906
0.4178706407546997
0.44565120339393616
0.4340219497680664
0.45612794160842896
0.44870948791503906
0.5382807850837708
0.5897215604782104
0.23546230792999268
0.5290323495864868
0.380123108625412
0.33659133315086365
0.568812370300293
0.498482346534729
0.3820233941078186
0.4909002184867859
0.27757927775382996
0.2965196371078491
0.5580645203590393
0.34629005193710327
0.24370436370372772
0.4473576843738556
0.29890450835227966
0.3699001669883728
0.30240297317504883
0.6352794766426086
0.5934656262397766
0.47420841455459595
0.537396252155304
0.5739330649375916
0.5703891515731812
0.24353499710559845
0.28659355640411377
0.5881853103637695
0.5380113124847412
0.5565656423568726
0.2809429466724396
0.5981120467185974
0.4513542652130127
0.2885102927684784
0.3502546548843384
0.32417669892311096
0.5699852108955383
0.7155280113220215
0.672772228717804
0.4086950719356537
0.5859241485595703
0.4925727844238281
0.5298284292221069
0.6556804776191711
0.27401483058929443
0.5339714288711548
0.488564133644104
0.44248366355895996
0.5931519865989685
0.5525368452072144
0.3638070821762085
0.4622076153755188
0.5845080614089966
0.45038363337516785
0.30131062865257263
0.2593793570995331
0.5975683331489563
0.6141065359115601
0.48349109292030334
0.4612196981906891
0.5488280057907104
0.4548689126968384
0.24494396150112152
0.4514849781990051
0.49086883664131165
0.4162156581878662
0.4649108648300171
0.28214144706726074
0.6186108589172363
0.2630533277988434
0.6188709139823914
0.4901595711708069
0.3189871907234192
0.4281572997570038
0.5125839710235596
0.33450764417648315
0.30062103271484375
0.49817579984664917
0.33661043643951416
0.5813444256782532
0.28659579157829285
0.5175734162330627
0.37128451466560364
0.41287192702293396
0.539384126663208
0.4393044710159302
0.5857753157615662
0.6687092781066895
0.4376905560493469
0.4666667878627777
0.35935983061790466
0.5482704043388367
0.48509666323661804
0.4042724668979645
0.5189255475997925
0.32254278659820557
0.39579692482948303
0.2967803478240967
0.31855258345603943
0.35533589124679565
0.4809134602546692
0.3201932907104492
0.4728925824165344
0.5170899629592896
0.45282089710235596
0.26778990030288696
0.4323376715183258
0.3507665991783142
0.48640820384025574
0.3239443898200989
0.4326971173286438
0.22756633162498474
0.5760327577590942
0.5795938968658447
0.5264437198638916
0.3994330167770386
0.5296084880828857
0.37084153294563293
0.527187705039978
0.2642035186290741
0.42711350321769714
0.4181743860244751
0.30057084560394287
0.3335685729980469
0.38585829734802246
0.45357707142829895
0.28343576192855835
0.3909648656845093
0.3964395523071289
0.5692140460014343
0.3783942461013794
0.40957745909690857
0.4578128755092621
0.49407145380973816
0.4557545483112335
0.6097977161407471
0.5384277701377869
0.5476845502853394
0.541027843952179
0.5404011607170105
0.5351852178573608
0.38584986329078674
0.44004109501838684
0.27546215057373047
0.27926892042160034
0.22554534673690796
0.4686083495616913
0.4058776795864105
0.3039713203907013
0.40639355778694153
0.4786684513092041
0.5006136298179626
0.4845127463340759
0.27703672647476196
0.22912749648094177
0.29782503843307495
0.4088055491447449
0.5617992281913757
0.4436388909816742
0.5087592005729675
0.33313044905662537
0.45397841930389404
0.5089625716209412
0.2928580939769745
0.47721660137176514
0.40051573514938354
0.5634274482727051
0.5122247338294983
0.5233498215675354
0.2660185694694519
0.5813472867012024
0.23919276893138885
0.5453709959983826
0.48782455921173096
0.3160622715950012
0.5562160015106201
0.34152230620384216
0.4557521939277649
0.2598860263824463
0.5915977954864502
0.3150823712348938
0.47302427887916565
0.38672053813934326
0.40682750940322876
0.4323405921459198
0.4739306569099426
0.5470858812332153
0.23636943101882935
0.5551674365997314
0.2733212411403656
0.23760421574115753
0.3398863971233368
0.42961326241493225
0.1940407156944275
0.314319908618927
0.30921295285224915
0.2258002907037735
0.28478702902793884
0.4706391394138336
0.3333147168159485
0.49323391914367676
0.4285378158092499
0.235743448138237
0.3839751183986664
0.508901834487915
0.38956448435783386
0.3957032263278961
0.5076601505279541
0.5659493207931519
0.4733733832836151
0.22060245275497437
0.5573113560676575
0.4022761285305023
0.47948384284973145
0.29790276288986206
0.5434361696243286
0.43248623609542847
0.48814427852630615
0.2981722950935364
0.5270861983299255
0.4817788004875183
0.24063700437545776
0.5319196581840515
0.4348803758621216
0.2671644687652588
0.5729246735572815
0.3615706264972687
0.5074813365936279
0.5042994022369385
0.41425082087516785
0.25966060161590576
0.4616048336029053
0.28895103931427
0.18310588598251343
0.3870822787284851
0.5010478496551514
0.4796782433986664
0.48875123262405396
0.2680357098579407
0.4273848831653595
0.5015134215354919
0.2755456864833832
0.6019341945648193
0.5389740467071533
0.30694326758384705
0.38130226731300354
0.5094896554946899
0.575232207775116
0.3060123920440674
0.4727957844734192
0.4143034815788269
0.19341808557510376
0.47152388095855713
0.25174006819725037
0.28508007526397705
0.5437126159667969
0.4107614755630493
0.29208528995513916
0.49654850363731384
0.4850165545940399
0.5699225068092346
0.47211501002311707
0.24012523889541626
0.358115553855896
0.45608627796173096
0.4668538272380829
0.4171668291091919
0.23239754140377045
0.6480369567871094
0.23324286937713623
0.3135499656200409
0.2268531173467636
0.4834975302219391
0.5058065056800842
0.41222691535949707
0.5115172266960144
0.49722081422805786
0.5444468855857849
0.5105574727058411
0.41374900937080383
0.47871139645576477
0.4150790274143219
0.5864226818084717
0.5598707795143127
0.42142364382743835
0.5099964141845703
0.611192524433136
0.4230867624282837
0.5759129524230957
0.5114109516143799
0.36170753836631775
0.4972953498363495
0.23278850317001343
0.40835869312286377
0.42343538999557495
0.28974753618240356
0.5391230583190918
0.2953372895717621
0.24350996315479279
0.1856878697872162
0.23738586902618408
0.4408701956272125
0.529171884059906
0.44193917512893677
0.4552117884159088
0.5293267965316772
0.25508248805999756
0.4314426779747009
0.46411460638046265
0.3225332498550415
0.16446220874786377
0.19949737191200256
0.2224377989768982
0.4926152527332306
0.5448760986328125
0.42527902126312256
0.4325786828994751
0.5345823168754578
0.5036935806274414
0.4565522074699402
0.612865686416626
0.4762384295463562
0.2625535726547241
0.46884676814079285
0.46387770771980286
0.5008412003517151
0.48140135407447815
0.2860897183418274
0.2996198236942291
0.5193044543266296
0.5193004012107849
0.4292493760585785
0.5022003650665283
0.49771183729171753
0.462594211101532
0.578670859336853
0.4767133593559265
0.45547616481781006
0.46476876735687256
0.4676552712917328
0.4455317556858063
0.22124052047729492
0.49589577317237854
0.43145763874053955
0.41248950362205505
0.40468108654022217
0.262339323759079
0.5168364644050598
0.5368134379386902
0.3587004542350769
0.4564293324947357
0.258564293384552
0.5394113659858704
0.40040111541748047
0.4846864640712738
0.48941200971603394
0.4337049424648285
0.48275062441825867
0.346133828163147
0.2633303701877594
0.5234641432762146
0.4203292429447174
0.24953846633434296
0.3070690333843231
0.3726716637611389
0.17486301064491272
0.5622705221176147
0.26910048723220825
0.3414385914802551
0.49601149559020996
0.44636592268943787
0.493181049823761
0.48860037326812744
0.3993713855743408
0.4475305676460266
0.49096351861953735
0.3253474533557892
0.5034739971160889
0.4990888237953186
0.4312591850757599
0.4144493043422699
0.3291168510913849
0.452607125043869
0.46397772431373596
0.4012858271598816
0.25732311606407166
0.4504023790359497
0.2550644278526306
0.4429853856563568
0.19898605346679688
0.4452621340751648
0.5644641518592834
0.3934513032436371
0.26784682273864746
0.23114362359046936
0.5258554220199585
0.24205447733402252
0.385735422372818
0.4236901104450226
0.4655660390853882
0.4602211117744446
0.5607349872589111
0.5166095495223999
0.1834399551153183
0.4428562521934509
0.5364717841148376
0.21992233395576477
0.41802796721458435
0.31404027342796326
0.1932351440191269
0.48054665327072144
0.4274653494358063
0.4191662669181824
0.5056849718093872
0.436054527759552
0.5274238586425781
0.5673432350158691
0.4290024936199188
0.5011938214302063
0.5018875598907471
0.5013432502746582
0.4572311341762543
0.2362971305847168
0.49718520045280457
0.44545790553092957
0.2904077470302582
0.525951623916626
0.383846640586853
0.3291756510734558
0.45716193318367004
0.41388407349586487
0.22218303382396698
0.5363872051239014
0.4507337808609009
0.5111425518989563
0.4854350984096527
0.4132915139198303
0.2931152582168579
0.3796692192554474
0.21379852294921875
0.45601901412010193
0.47303760051727295
0.3304280936717987
0.5228750109672546
0.23804235458374023
0.26789620518684387
0.2405238151550293
0.2964574098587036
0.23845218122005463
0.4600653350353241
0.4954164922237396
0.24376386404037476
0.25679999589920044
0.41594257950782776
0.18148550391197205
0.3758264482021332
0.44467708468437195
0.5469537377357483
0.2992893159389496
0.4624832570552826
0.4652365744113922
0.405112624168396
0.480408638715744
0.5012891888618469
0.2538071870803833
0.6099227666854858
0.23823416233062744
0.45123472809791565
0.4009345769882202
0.4765271842479706
0.6435314416885376
0.2935839891433716
0.38096725940704346
0.558161199092865
0.49930068850517273
0.388736754655838
0.5056187510490417
0.25572049617767334
0.3762170374393463
0.21984153985977173
0.5289839506149292
0.4394485056400299
0.41170409321784973
0.5379169583320618
0.22153349220752716
0.33069702982902527
0.3968469202518463
0.5339500308036804
0.3152267336845398
0.3478769063949585
0.5404706001281738
0.40715745091438293
0.4747536778450012
0.2078614979982376
0.5078443288803101
0.4419914484024048
0.4305608868598938
0.3793000280857086
0.20507021248340607
0.49809500575065613
0.45832589268684387
0.4610184133052826
0.42577698826789856
0.5895677208900452
0.22305899858474731
0.5303375720977783
0.3573469817638397
0.4510999917984009
0.4696900546550751
0.4286081790924072
0.5053688883781433
0.49672698974609375
0.4246639907360077
0.35440707206726074
0.5980401039123535
0.447448194026947
0.22421427071094513
0.3011808693408966
0.4031047523021698
0.46670135855674744
0.4632992446422577
0.45113518834114075
0.46511393785476685
0.5535184741020203
0.38978835940361023
0.4908126890659332
0.4370410144329071
0.46157437562942505
0.2791832983493805
0.41872620582580566
0.453108549118042
0.4834743142127991
0.2698351740837097
0.4299848973751068
0.3886027932167053
0.28952518105506897
0.44373783469200134
0.4660928249359131
0.4426151514053345
0.4197722375392914
0.3173263967037201
0.44858643412590027
0.4185989499092102
0.42301079630851746
0.360953688621521
0.4679490625858307
0.49018463492393494
0.39955151081085205
0.38454222679138184
0.5178177356719971
0.40596291422843933
0.45648452639579773
0.4516022801399231
0.5117630362510681
0.48065826296806335
0.37464579939842224
0.6196408271789551
0.4102630615234375
0.5213487148284912
0.465413898229599
0.45780396461486816
0.3547343909740448
0.4061833620071411
0.3594733774662018
0.4173288345336914
0.3967665433883667
0.23502875864505768
0.4573553800582886
0.2809074819087982
0.46791011095046997
0.28056326508522034
0.29151177406311035
0.24138212203979492
0.4915408790111542
0.44168633222579956
0.3897911012172699
0.577048122882843
0.2686311602592468
0.2362985461950302
0.38301289081573486
0.3365340828895569
0.4706214964389801
0.2607979476451874
0.396981418132782
0.4124217927455902
0.26171770691871643
0.25751930475234985
0.24117042124271393
0.44613221287727356
0.43291687965393066
0.37540948390960693
0.25716719031333923
0.40361014008522034
0.49758854508399963
0.2682921290397644
0.2587001323699951
0.5605750679969788
0.414483904838562
0.4948946237564087
0.49639007449150085
0.18487243354320526
0.4535033702850342
0.2798129618167877
0.4389246702194214
0.3128438889980316
0.47482818365097046
0.4619688391685486
0.45141440629959106
0.6133735775947571
0.42060452699661255
0.4598027169704437
0.4496149718761444
0.4831807017326355
0.24946391582489014
0.5159739851951599
0.2083960324525833
0.3522961735725403
0.476348340511322
0.18562787771224976
0.5312102437019348
0.22930553555488586
0.46237701177597046
0.2905999422073364
0.39882510900497437
0.5009963512420654
0.41303420066833496
0.44560959935188293
0.20353126525878906
0.5053184628486633
0.28816673159599304
0.45263737440109253
0.5310447812080383
0.439349889755249
0.2689107060432434
0.3181998133659363
0.3972579538822174
0.5731087327003479
0.4380233883857727
0.196143239736557
0.40022265911102295
0.47882089018821716
0.42775437235832214
0.44510382413864136
0.4556814432144165
0.1924363076686859
0.2445351481437683
0.5191644430160522
0.4557633697986603
0.21430054306983948
0.289561003446579
0.28833234310150146
0.2937421500682831
0.2131519317626953
0.4829791188240051
0.421927273273468
0.20229153335094452
0.5102648735046387
0.26308920979499817
0.3128114640712738
0.43357032537460327
0.26077336072921753
0.425454705953598
0.4804394245147705
0.46646782755851746
0.4765080511569977
0.464399516582489
0.4519290626049042
0.42588502168655396
0.5122358202934265
0.46478191018104553
0.3806554675102234
0.49693411588668823
0.20396533608436584
0.3904101848602295
0.23869271576404572
0.3149148225784302
0.4472394585609436
0.49766531586647034
0.24259960651397705
0.4959654211997986
0.47773346304893494
0.4048011898994446
0.4719495475292206
0.43675100803375244
0.48016852140426636
0.2191513031721115
0.49825984239578247
0.503737211227417
0.24945133924484253
0.2642713487148285
0.48804545402526855
0.4084087312221527
0.22417612373828888
0.48444297909736633
0.4041314423084259
0.292167067527771
0.24027381837368011
0.4357772171497345
0.36791035532951355
0.48596230149269104
0.4338397681713104
0.4537176787853241
0.2525746822357178
0.4725340008735657
0.4322132170200348
0.46758824586868286
0.26605814695358276
0.24674397706985474
0.5200268626213074
0.4229099750518799
0.2614248991012573
0.4411320984363556
0.43845030665397644
0.3433626890182495
0.48462095856666565
0.36980393528938293
0.44111815094947815
0.5326238870620728
0.43879207968711853
0.22623741626739502
0.5615910887718201
0.489259272813797
0.4518999457359314
0.3840499222278595
0.3724374771118164
0.4019448161125183
0.40997037291526794
0.25437596440315247
0.2699244022369385
0.6152074933052063
0.5404590368270874
0.42905938625335693
0.3876780569553375
0.38983049988746643
0.4831799566745758
0.3989351987838745
0.4022362530231476
0.44468581676483154
0.28230786323547363
0.283056378364563
0.2491314560174942
0.3978576362133026
0.44081783294677734
0.4884694814682007
0.29109346866607666
0.37513554096221924
0.4435375928878784
0.4446629583835602
0.2472565472126007
0.4150182604789734
0.44334524869918823
0.490798681974411
0.458545982837677
0.4611538350582123
0.5099882483482361
0.46138420701026917
0.2707101106643677
0.43803709745407104
0.4447864890098572
0.22486759722232819
0.38547447323799133
0.44037461280822754
0.2571008503437042
0.3927152156829834
0.5923764705657959
0.5535613894462585
0.47180289030075073
0.19788126647472382
0.4035196602344513
0.44242581725120544
0.45957037806510925
0.4225671887397766
0.483669638633728
0.588189423084259
0.31690895557403564
0.28242066502571106
0.20503856241703033
0.5101714134216309
0.21130992472171783
0.21692557632923126
0.564876139163971
0.2575158178806305
0.505018413066864
0.4202721416950226
0.4510382413864136
0.44937610626220703
0.4532701373100281
0.5317419767379761
0.21275709569454193
0.49108344316482544
0.3985131084918976
0.4689340591430664
0.22274355590343475
0.4247988760471344
0.5606652498245239
0.48606884479522705
0.476428747177124
0.5884155035018921
0.37342017889022827
0.5303441286087036
0.5342299938201904
0.4120958745479584
0.561713457107544
0.28664904832839966
0.45773643255233765
0.2918849289417267
0.3043324053287506
0.46472954750061035
0.4884321689605713
0.5518032908439636
0.5033376812934875
0.48031601309776306
0.47407862544059753
0.5476172566413879
0.31009215116500854
0.49158650636672974
0.2764582633972168
0.45725369453430176
0.275991290807724
0.4166162610054016
0.3599551022052765
0.35254740715026855
0.47829383611679077
0.2548958659172058
0.4890315532684326
0.1874278485774994
0.44030997157096863
0.4508941173553467
0.47729623317718506
0.4618545472621918
0.4804241955280304
0.2629745900630951
0.3200985789299011
0.21668235957622528
0.22902727127075195
0.5462504029273987
0.21849697828292847
0.4330068528652191
0.2556057870388031
0.4460179805755615
0.32552531361579895
0.38128307461738586
0.3478027582168579
0.25333184003829956
0.388624906539917
0.2607867121696472
0.45553719997406006
0.20271846652030945
0.28169235587120056
0.41986387968063354
0.27838701009750366
0.21605192124843597
0.45557689666748047
0.4950033128261566
0.47678112983703613
0.5330798029899597
0.46960151195526123
0.22343239188194275
0.4073807895183563
0.25450384616851807
0.47894781827926636
0.4274396002292633
0.27990856766700745
0.3815399408340454
0.3799135088920593
0.4265660047531128
0.2047896534204483
0.5618028044700623
0.49101758003234863
0.4112945795059204
0.474456250667572
0.4926920235157013
0.4596203565597534
0.5101206302642822
0.31593015789985657
0.5596247315406799
0.22622312605381012
0.4603094756603241
0.40610939264297485
0.38625508546829224
0.2768811285495758
0.19094310700893402
0.4179837107658386
0.4029809832572937
0.21627359092235565
0.2817935049533844
0.579683244228363
0.18953372538089752
0.475641667842865
0.494203120470047
0.5757961869239807
0.4711242914199829
0.45035770535469055
0.2454928457736969
0.21143056452274323
0.39681845903396606
0.23549489676952362
0.15762025117874146
0.27386826276779175
0.3904544413089752
0.49143779277801514
0.2757948935031891
0.2673283517360687
0.47532638907432556
0.5537043213844299
0.38058340549468994
0.2118852436542511
0.5193279385566711
0.21800440549850464
0.5067194104194641
0.2955174744129181
0.41205769777297974
0.2918495237827301
0.3765694499015808
0.45100605487823486
0.24328967928886414
0.24518562853336334
0.5097407698631287
0.4659484028816223
0.28791356086730957
0.5188764929771423
0.40812984108924866
0.46802476048469543
0.39070433378219604
0.20589673519134521
0.5006350874900818
0.48805245757102966
0.45366111397743225
0.21773308515548706
0.4588059186935425
0.4323049783706665
0.29805269837379456
0.4632469117641449
0.40727534890174866
0.3556889295578003
0.45397499203681946
0.2957119643688202
0.4751169681549072
0.41261065006256104
0.3087249994277954
0.457131564617157
0.45564401149749756
0.5022318363189697
0.3840303122997284
0.42317894101142883
0.18068945407867432
0.46148696541786194
0.5501086711883545
0.42294853925704956
0.4785187542438507
0.5018588900566101
0.4430128037929535
0.5307689905166626
0.4587332010269165
0.46516484022140503
0.4333142042160034
0.42753884196281433
0.3827897608280182
0.305955171585083
0.4754498600959778
0.4287216067314148
0.4753998816013336
0.4546295404434204
0.5126879215240479
0.2214515060186386
0.5644882321357727
0.2651486098766327
0.20103177428245544
0.17268992960453033
0.29340821504592896
0.21376653015613556
0.3823626637458801
0.4102683961391449
0.16952627897262573
0.20494404435157776
0.49903687834739685
0.5256748795509338
0.3828621208667755
0.49370741844177246
0.414041668176651
0.42507874965667725
0.41392695903778076
0.3888218402862549
0.47044575214385986
0.44081947207450867
0.42527201771736145
0.4691956043243408
0.4310373067855835
0.2255447506904602
0.2625984251499176
0.4687812924385071
0.475248783826828
0.44791150093078613
0.4550620913505554
0.18939991295337677
0.19371721148490906
0.412354439496994
0.5118884444236755
0.41817915439605713
0.6159992814064026
0.21886473894119263
0.37459033727645874
0.1206851601600647
0.37996017932891846
0.28952744603157043
0.45822083950042725
0.20390631258487701
0.4178849160671234
0.49310019612312317
0.542792022228241
0.2894934415817261
0.25696703791618347
0.4566712975502014
0.4728820025920868
0.22154758870601654
0.19909557700157166
0.4747055768966675
0.47493958473205566
0.5483151078224182
0.39240559935569763
0.42504778504371643
0.5945960879325867
0.31861552596092224
0.2419963777065277
0.27364760637283325
0.4811033308506012
0.5925017595291138
0.31021133065223694
0.40202417969703674
0.42736566066741943
0.5647615194320679
0.5319660902023315
0.19865985214710236
0.4431289732456207
0.387715607881546
0.17361342906951904
0.40016695857048035
0.2832264006137848
0.2710411548614502
0.2621617317199707
0.45536568760871887
0.3867337703704834
0.2153090238571167
0.45699676871299744
0.22657407820224762
0.23738236725330353
0.4310588538646698
0.19212645292282104
0.45044219493865967
0.4334314465522766
0.1712227612733841
0.3893451690673828
0.44601309299468994
0.4350776672363281
0.326242595911026
0.23590947687625885
0.4694979786872864
0.2746352255344391
0.5157259106636047
0.5482499003410339
0.2766879200935364
0.44988691806793213
0.5556151270866394
0.4497002065181732
0.3235073387622833
0.3656594157218933
0.42412903904914856
0.42351004481315613
0.46339768171310425
0.222590371966362
0.4905412197113037
0.3813059628009796
0.28542059659957886
0.4109174311161041
0.44514915347099304
0.401419460773468
0.27221810817718506
0.4524332880973816
0.2011224627494812
0.551801860332489
0.4429112374782562
0.18957942724227905
0.12631669640541077
0.40449172258377075
0.2743898034095764
0.3387294113636017
0.3985324203968048
0.4179826080799103
0.2583964169025421
0.49381741881370544
0.5916755199432373
0.4954693615436554
0.5471883416175842
0.46464937925338745
0.38351258635520935
0.4264313578605652
0.23778879642486572
0.39181363582611084
0.4621359705924988
0.4999840259552002
0.22150714695453644
0.5451573729515076
0.530954122543335
0.31286871433258057
0.5205697417259216
0.399679034948349
0.4492906630039215
0.2243269979953766
0.4422597885131836
0.4900304675102234
0.46234428882598877
0.468068927526474
0.4176373779773712
0.399059534072876
0.3008098304271698
0.38756150007247925
0.4737474024295807
0.2670057415962219
0.2660878002643585
0.4854792356491089
0.432897686958313
0.35924071073532104
0.41899746656417847
0.4242081344127655
0.4622052311897278
0.29662764072418213
0.27306511998176575
0.5128980278968811
0.48424232006073
0.43505263328552246
0.48154377937316895
0.3896752893924713
0.4488563537597656
0.4523537755012512
0.24885328114032745
0.2434341013431549
0.4427957236766815
0.21455365419387817
0.20874588191509247
0.23579183220863342
0.18417461216449738
0.4330109655857086
0.276084303855896
0.5370105504989624
0.48276767134666443
0.4542374908924103
0.47192227840423584
0.2325199544429779
0.4048730134963989
0.5059502720832825
0.21172721683979034
0.47121214866638184
0.43828141689300537
0.4531521201133728
0.4969899654388428
0.449045330286026
0.4717504382133484
0.540090024471283
0.4082595407962799
0.23625633120536804
0.21058039367198944
0.5102828145027161
0.2692659795284271
0.34035032987594604
0.4081500768661499
0.4253928065299988
0.4642190933227539
0.41277655959129333
0.1856653094291687
0.45496609807014465
0.3993685841560364
0.5930973291397095
0.434920072555542
0.45092666149139404
0.1950109302997589
0.5178511142730713
0.497878760099411
0.4908158779144287
0.3705132305622101
0.18349985778331757
0.15109020471572876
0.34412556886672974
0.3798336684703827
0.42526528239250183
0.34651419520378113
0.29198262095451355
0.24779194593429565
0.525964081287384
0.41014397144317627
0.25971680879592896
0.22440475225448608
0.44735321402549744
0.39998859167099
0.493917316198349
0.5561131238937378
0.3259192407131195
0.3755810260772705
0.20600807666778564
0.3881891369819641
0.41767990589141846
0.47551023960113525
0.502292811870575
0.6000861525535583
0.44293105602264404
0.4425993859767914
0.23882193863391876
0.5000613927841187
0.1983422338962555
0.41211235523223877
0.5010681748390198
0.4912615716457367
0.5064154267311096
0.568867564201355
0.41985008120536804
0.2178153395652771
0.38353168964385986
0.5018941760063171
0.45829999446868896
0.483534038066864
0.544739842414856
0.35966187715530396
0.4165269732475281
0.22009752690792084
0.42511773109436035
0.39098072052001953
0.432289719581604
0.46043065190315247
0.4859429597854614
0.17681771516799927
0.5902475118637085
0.4803055226802826
0.18013164401054382
0.5455911755561829
0.4589638113975525
0.269701212644577
0.2879810631275177
0.3328504264354706
0.503771185874939
0.5067929029464722
0.4361463189125061
0.456521600484848
0.5754206776618958
0.26848283410072327
0.45396992564201355
0.3080374598503113
0.32987523078918457
0.4527156352996826
0.44097355008125305
0.4714750051498413
0.6900714039802551
0.48056870698928833
0.4404171109199524
0.2578630745410919
0.23732051253318787
0.5199370384216309
0.38565024733543396
0.338110089302063
0.2722267210483551
0.4537793695926666
0.4164397418498993
0.47637853026390076
0.41857701539993286
0.5269023180007935
0.3807588219642639
0.38809600472450256
0.3860098123550415
0.41590720415115356
0.4830406904220581
0.48986002802848816
0.4800564646720886
0.21949133276939392
0.4143366515636444
0.4465796649456024
0.4661402404308319
0.451941579580307
0.19369034469127655
0.3292340040206909
0.23833635449409485
0.4221847653388977
0.2311219722032547
0.4872015118598938
0.17080961167812347
0.411299467086792
0.4411143362522125
0.5065183043479919
0.48951461911201477
0.4967864751815796
0.5384044051170349
0.21949850022792816
0.4160287380218506
0.20291560888290405
0.24105137586593628
0.6295753717422485
0.20096848905086517
0.4611619710922241
0.20055954158306122
0.4039415717124939
0.3959222733974457
0.42835062742233276
0.3039908707141876
0.19627714157104492
0.19632618129253387
0.2686799466609955
0.41022568941116333
0.4823804795742035
0.49147143959999084
0.3955673575401306
0.40266579389572144
0.5152001976966858
0.21890456974506378
0.3672924041748047
0.5272061228752136
0.4299817681312561
0.45174750685691833
0.5473123788833618
0.5225849747657776
0.4781011641025543
0.33675751090049744
0.4753709137439728
0.4519098699092865
0.19337701797485352
0.20407600700855255
0.33382782340049744
0.4255015254020691
0.5163057446479797
0.15441742539405823
0.35952094197273254
0.39900076389312744
0.24592959880828857
0.27855798602104187
0.3668185770511627
0.4985703229904175
0.46115532517433167
0.17307178676128387
0.3487643003463745
0.2603035867214203
0.22686706483364105
0.4765659272670746
0.21179994940757751
0.2660345137119293
0.2626118063926697
0.4973739683628082
0.4731232821941376
0.270161896944046
0.17693722248077393
0.3220180571079254
0.3941105008125305
0.3800825774669647
0.40535521507263184
0.4484766125679016
0.44105666875839233
0.5851917862892151
0.4688834846019745
0.4500115215778351
0.4770773947238922
0.2720496654510498
0.5140891075134277
0.4766858220100403
0.39013245701789856
0.37766143679618835
0.23603969812393188
0.4829617440700531
0.40335917472839355
0.17399343848228455
0.3663080334663391
0.22804759442806244
0.2920485734939575
0.41815146803855896
0.41887444257736206
0.42406028509140015
0.4588760733604431
0.40165865421295166
0.23380573093891144
0.4301328957080841
0.33839523792266846
0.39838966727256775
0.2540539503097534
0.21336761116981506
0.3749436140060425
0.4072445333003998
0.29867446422576904
0.19105781614780426
0.3923629820346832
0.464590847492218
0.43850260972976685
0.45067688822746277
0.4214949905872345
0.5448852181434631
0.4966776967048645
0.19249022006988525
0.39217767119407654
0.2544592618942261
0.18088020384311676
0.2818862199783325
0.3691902458667755
0.5398147106170654
0.27666833996772766
0.44650477170944214
0.4422287344932556
0.4297012388706207
0.44087502360343933
0.3156907260417938
0.43898025155067444
0.4780656397342682
0.42049703001976013
0.16254249215126038
0.55916428565979
0.4252896010875702
0.486568808555603
0.5514529943466187
0.48264437913894653
0.3340582251548767
0.14543312788009644
0.43399152159690857
0.22666992247104645
0.2838997542858124
0.3488416373729706
0.46110355854034424
0.3794015049934387
0.5531665682792664
0.1794910430908203
0.20485645532608032
0.15586711466312408
0.3522096276283264
0.48091182112693787
0.27181315422058105
0.4461086690425873
0.3924503028392792
0.41681987047195435
0.5218663811683655
0.24062955379486084
0.17458976805210114
0.21026387810707092
0.4696783721446991
0.25120362639427185
0.3808019161224365
0.2293018400669098
0.38364067673683167
0.2623598277568817
0.4719811975955963
0.21490037441253662
0.4379132390022278
0.4527454376220703
0.218434140086174
0.3776041269302368
0.440876841545105
0.17416761815547943
0.4204612672328949
0.43868762254714966
0.46358150243759155
0.20668643712997437
0.4398456811904907
0.21134266257286072
0.253434419631958
0.2234744131565094
0.47469285130500793
0.4046696424484253
0.2203131914138794
0.4674595892429352
0.22647273540496826
0.39007309079170227
0.46758460998535156
0.40414106845855713
0.48442542552948
0.3897106945514679
0.2539178729057312
0.18798013031482697
0.45628634095191956
0.3495196998119354
0.4341723620891571
0.3801393508911133
0.4305974245071411
0.23149381577968597
0.2291332185268402
0.43687981367111206
0.2379055768251419
0.434874951839447
0.45615696907043457
0.2543630599975586
0.4549906849861145
0.1621229201555252
0.3011384904384613
0.4568926692008972
0.5063749551773071
0.47490954399108887
0.39628005027770996
0.233219712972641
0.39387238025665283
0.2326146513223648
0.15545625984668732
0.22371873259544373
0.23107628524303436
0.38612908124923706
0.536119282245636
0.39702990651130676
0.4390948414802551
0.21062925457954407
0.21755185723304749
0.2569591999053955
0.18404224514961243
0.41210758686065674
0.4127819836139679
0.1706337332725525
0.40922728180885315
0.18378421664237976
0.38235244154930115
0.4597717523574829
0.2295711487531662
0.1811363399028778
0.5076223611831665
0.4101051688194275
0.18214662373065948
0.48353996872901917
0.5802758932113647
0.28230640292167664
0.3814121186733246
0.16691118478775024
0.3275230824947357
0.4791458249092102
0.4127123951911926
0.42170676589012146
0.4381473660469055
0.19393855333328247
0.38665175437927246
0.2374335676431656
0.3798120617866516
0.5005243420600891
0.19933858513832092
0.16231495141983032
0.2543892562389374
0.2839912176132202
0.248357892036438
0.43558910489082336
0.5038251280784607
0.37752169370651245
0.3772706687450409
0.5515937209129333
0.3945479989051819
0.6410723328590393
0.45243021845817566
0.44498780369758606
0.21046829223632812
0.569415807723999
0.44261860847473145
0.3684980273246765
0.40661975741386414
0.3942849636077881
0.47639939188957214
0.36961469054222107
0.18411391973495483
0.4976799786090851
0.2952626347541809
0.2031032145023346
0.39756983518600464
0.22060944139957428
0.5627011656761169
0.3845338821411133
0.49114906787872314
0.4804786741733551
0.39155593514442444
0.40669170022010803
0.17309071123600006
0.33191201090812683
0.17737241089344025
0.46521010994911194
0.4584520757198334
0.480110764503479
0.4632222354412079
0.15634462237358093
0.4644700586795807
0.3506661355495453
0.36816173791885376
0.17064408957958221
0.3644581139087677
0.22526821494102478
0.27339115738868713
0.3344462215900421
0.45679184794425964
0.21394111216068268
0.18913216888904572
0.5124112963676453
0.366901159286499
0.37974312901496887
0.2294498085975647
0.4242897033691406
0.4453195333480835
0.43898090720176697
0.21209532022476196
0.44000762701034546
0.2923870384693146
0.4250674545764923
0.2651040256023407
0.20470856130123138
0.47900715470314026
0.4285052418708801
0.4070371687412262
0.4685918092727661
0.22755806148052216
0.4261188805103302
0.43997201323509216
0.4934982359409332
0.3886305093765259
0.38942158222198486
0.47237759828567505
0.38823631405830383
0.42936092615127563
0.3963586390018463
0.3861447274684906
0.3005479872226715
0.19510070979595184
0.45509135723114014
0.5039017796516418
0.39610493183135986
0.4424377679824829
0.4473605751991272
0.1801110804080963
0.4637891352176666
0.4641527533531189
0.36465585231781006
0.18017978966236115
0.24238285422325134
0.42841029167175293
0.46740666031837463
0.30316993594169617
0.4173319935798645
0.18053150177001953
0.4455895721912384
0.16798444092273712
0.18915638327598572
0.5133357644081116
0.16761533915996552
0.20020687580108643
0.4154813885688782
0.501869261264801
0.44912979006767273
0.4708772301673889
0.41743552684783936
0.4416646659374237
0.1619073450565338
0.27003124356269836
0.39206230640411377
0.5023899078369141
0.38233160972595215
0.4893878996372223
0.3520062565803528
0.17200049757957458
0.5360102653503418
0.15348224341869354
0.47118285298347473
0.4640084505081177
0.4392392337322235
0.37647074460983276
0.4285486340522766
0.22237595915794373
0.4360905885696411
0.3749610483646393
0.6468116044998169
0.48607420921325684
0.37949424982070923
0.42667144536972046
0.18056747317314148
0.278799444437027
0.49153590202331543
0.30350247025489807
0.22086463868618011
0.3952425718307495
0.24145814776420593
0.20185795426368713
0.5046756267547607
0.17405696213245392
0.5758408904075623
0.41337108612060547
0.509288489818573
0.40611883997917175
0.47115159034729004
0.1951257586479187
0.4158613085746765
0.5593137145042419
0.3724028468132019
0.4059964418411255
0.21390868723392487
0.4601450264453888
0.467317670583725
0.2971390187740326
0.40972092747688293
0.21230915188789368
0.4062998592853546
0.2942763864994049
0.4142451882362366
0.5441882610321045
0.36586225032806396
0.4174005091190338
0.40023529529571533
0.49459561705589294
0.23204635083675385
0.4754358232021332
0.39976242184638977
0.2236061543226242
0.15783004462718964
0.4301764667034149
0.4608939290046692
0.39155828952789307
0.1942819058895111
0.29142165184020996
0.19245143234729767
0.46286705136299133
0.45312297344207764
0.4264480173587799
0.4648396670818329
0.48526379466056824
0.5425985455513
0.4582047164440155
0.20610296726226807
0.23025888204574585
0.23504862189292908
0.376409649848938
0.1544291079044342
0.39357125759124756
0.43147754669189453
0.41477689146995544
0.34795600175857544
0.4381439983844757
0.09822449833154678
0.22639405727386475
0.42758235335350037
0.20987358689308167
0.41871246695518494
0.21752846240997314
0.12260875105857849
0.4316384196281433
0.3506494462490082
0.5153801441192627
0.46640023589134216
0.41283199191093445
0.4549292325973511
0.4628593325614929
0.41866669058799744
0.4029942452907562
0.41185227036476135
0.38797664642333984
0.4303000271320343
0.49244073033332825
0.468705415725708
0.1896098107099533
0.4154224693775177
0.41331541538238525
0.4659600853919983
0.42876583337783813
0.27945563197135925
0.2618730068206787
0.397022545337677
0.4015748202800751
0.41164615750312805
0.2430984079837799
0.20054484903812408
0.2053794413805008
0.3555891811847687
0.49289122223854065
0.30991488695144653
0.29153382778167725
0.21415571868419647
0.43375030159950256
0.48401591181755066
0.42688918113708496
0.22750982642173767
0.5308433771133423
0.5490710735321045
0.5513671636581421
0.4204333424568176
0.27160191535949707
0.41513773798942566
0.42505982518196106
0.5432620048522949
0.4576115310192108
0.42152488231658936
0.3799254298210144
0.4629437327384949
0.2927170395851135
0.41055718064308167
0.5142979025840759
0.5495386719703674
0.4260300397872925
0.23038236796855927
0.225011944770813
0.4887893795967102
0.42965707182884216
0.46648600697517395
0.4585673213005066
0.41040775179862976
0.3176273703575134
0.21503236889839172
0.154596209526062
0.4140262305736542
0.40754517912864685
0.42504847049713135
0.46095672249794006
0.4652779698371887
0.20233836770057678
0.25234219431877136
0.22588534653186798
0.1802419275045395
0.203069269657135
0.44000044465065
0.2195574790239334
0.3147991895675659
0.48069149255752563
0.37893012166023254
0.48405903577804565
0.4481208026409149
0.21560218930244446
0.42263859510421753
0.43696022033691406
0.5577502846717834
0.4083903431892395
0.16151197254657745
0.2702293395996094
0.41041865944862366
0.4338829815387726
0.18431882560253143
0.36072659492492676
0.2738906145095825
0.22711524367332458
0.28133624792099
0.33468738198280334
0.22623233497142792
0.4567233622074127
0.30198773741722107
0.4920196831226349
0.20559515058994293
0.19187870621681213
0.39314982295036316
0.5910640954971313
0.4261833429336548
0.3663080334663391
0.40721824765205383
0.4030247628688812
0.2757594585418701
0.24698597192764282
0.39474624395370483
0.11730131506919861
0.1940688192844391
0.42293471097946167
0.38278424739837646
0.36411041021347046
0.4569324553012848
0.2064187228679657
0.16148309409618378
0.20637620985507965
0.34802380204200745
0.1970231980085373
0.5149677395820618
0.23483651876449585
0.4324498772621155
0.4371134638786316
0.4036010503768921
0.43887579441070557
0.452565461397171
0.23047514259815216
0.45297908782958984
0.20323489606380463
0.24067427217960358
0.4386536478996277
0.22225803136825562
0.2500748336315155
0.26550719141960144
0.19911710917949677
0.38568350672721863
0.19639164209365845
0.4759780168533325
0.5049679279327393
0.4577094316482544
0.39024844765663147
0.42239734530448914
0.3932642340660095
0.5065558552742004
0.15953290462493896
0.21224357187747955
0.17641857266426086
0.16052626073360443
0.4299745261669159
0.3756040930747986
0.4222157597541809
0.20262454450130463
0.17429572343826294
0.26340609788894653
0.3878536522388458
0.4158894419670105
0.4663730263710022
0.14756299555301666
0.4606291949748993
0.3792819082736969
0.25420573353767395
0.42019903659820557
0.5516318082809448
0.379499614238739
0.18614058196544647
0.2269863337278366
0.5022178888320923
0.4625947177410126
0.18173162639141083
0.1543184518814087
0.4043600559234619
0.23522213101387024
0.4839698076248169
0.5382729172706604
0.4014092683792114
0.5321222543716431
0.2466827630996704
0.49369943141937256
0.3711734116077423
0.351304292678833
0.39773669838905334
0.23494213819503784
0.14849039912223816
0.3872065246105194
0.4583171010017395
0.3946934938430786
0.37726569175720215
0.40048331022262573
0.20687741041183472
0.3906209170818329
0.38717183470726013
0.1929871141910553
0.2172672301530838
0.2200460433959961
0.20141735672950745
0.3885200023651123
0.48683464527130127
0.4667308032512665
0.4141792058944702
0.2416822761297226
0.4268289804458618
0.42991745471954346
0.4329995810985565
0.2707277536392212
0.2663438022136688
0.41560953855514526
0.41474106907844543
0.13581590354442596
0.4662158191204071
0.16386543214321136
0.4392639994621277
0.4251443147659302
0.4537051022052765
0.459818959236145
0.2248627096414566
0.4929423928260803
0.42610684037208557
0.2230129987001419
0.41077589988708496
0.4416470229625702
0.3829791247844696
0.4365708529949188
0.1631862223148346
0.17472587525844574
0.4159153401851654
0.46219414472579956
0.47827568650245667
0.44320860505104065
0.41877758502960205
0.4996814429759979
0.25837409496307373
0.22042949497699738
0.5243340134620667
0.22685471177101135
0.4120596647262573
0.13804267346858978
0.43361222743988037
0.4548652768135071
0.198516845703125
0.4300033152103424
0.18483838438987732
0.3493911325931549
0.4461406469345093
0.3687269687652588
0.5042312741279602
0.214057058095932
0.26910674571990967
0.39408183097839355
0.4130532145500183
0.2551786005496979
0.29594218730926514
0.40209242701530457
0.2146986573934555
0.43771594762802124
0.37504562735557556
0.1805124431848526
0.4620194137096405
0.48673877120018005
0.15804781019687653
0.15447773039340973
0.2026814967393875
0.2264786660671234
0.3606410324573517
0.36298808455467224
0.47669845819473267
0.18746192753314972
0.42707350850105286
0.38131415843963623
0.4295317828655243
0.21062375605106354
0.4469796419143677
0.46046507358551025
0.221636563539505
0.49524620175361633
0.39301276206970215
0.45437347888946533
0.41997429728507996
0.4480682611465454
0.4206971228122711
0.16739049553871155
0.48323675990104675
0.15239086747169495
0.39622050523757935
0.30894002318382263
0.4297963082790375
0.41076716780662537
0.3934539556503296
0.5116357207298279
0.19863834977149963
0.40180903673171997
0.4288201630115509
0.46595096588134766
0.4612503945827484
0.22831997275352478
0.41517341136932373
0.14392609894275665
0.2098122388124466
0.33763644099235535
0.1896870732307434
0.4638952910900116
0.29079556465148926
0.1937430053949356
0.4659034311771393
0.19483888149261475
0.3687685430049896
0.4172438681125641
0.46842917799949646
0.38200145959854126
0.35170525312423706
0.43337830901145935
0.4327390789985657
0.4719615876674652
0.28265807032585144
0.3846217393875122
0.37892794609069824
0.3825993239879608
0.39549335837364197
0.44293391704559326
0.3273106813430786
0.4955581724643707
0.21974453330039978
0.45268455147743225
0.22627021372318268
0.38168972730636597
0.23094812035560608
0.34643328189849854
0.3068600594997406
0.4033569395542145
0.26092320680618286
0.4053691029548645
0.3346065282821655
0.15447242558002472
0.3871992528438568
0.2033510059118271
0.42508551478385925
0.4123336672782898
0.39349082112312317
0.40018656849861145
0.5444043874740601
0.4278673827648163
0.4191380739212036
0.5042173266410828
0.4516044855117798
0.2090001255273819
0.5175730586051941
0.5204614400863647
0.22764341533184052
0.45042937994003296
0.2121104747056961
0.3739938735961914
0.211222305893898
0.22938720881938934
0.18051667511463165
0.5141612887382507
0.459057092666626
0.44770610332489014
0.42563652992248535
0.4001757502555847
0.4287332594394684
0.40640556812286377
0.2236558347940445
0.3834551274776459
0.19378085434436798
0.263818621635437
0.5316463708877563
0.16715921461582184
0.4748123586177826
0.45493167638778687
0.36852630972862244
0.41465407609939575
0.19686821103096008
0.48310166597366333
0.3360694944858551
0.4078447222709656
0.21511995792388916
0.48353880643844604
0.2259494960308075
0.18719938397407532
0.23562999069690704
0.3916786313056946
0.452422171831131
0.3977470397949219
0.46118640899658203
0.4374409019947052
0.48010677099227905
0.3787195682525635
0.3593602478504181
0.1700296550989151
0.18501552939414978
0.2792082726955414
0.40060508251190186
0.44050076603889465
0.139320969581604
0.15256597101688385
0.17338740825653076
0.17833496630191803
0.460508793592453
0.4688194692134857
0.43427470326423645
0.22515152394771576
0.422445684671402
0.19871032238006592
0.4089120030403137
0.3952857255935669
0.4461308419704437
0.24190430343151093
0.4392479658126831
0.49460873007774353
0.14472445845603943
0.41067883372306824
0.12015338987112045
0.26605910062789917
0.44696876406669617
0.43657925724983215
0.471375048160553
0.4016849398612976
0.4271470904350281
0.3835339844226837
0.368399977684021
0.4946269094944
0.16399480402469635
0.54326993227005
0.17272476851940155
0.4085231125354767
0.47019535303115845
0.20888061821460724
0.21919596195220947
0.2464720606803894
0.17866834998130798
0.2524591386318207
0.4116511046886444
0.17197154462337494
0.4635016918182373
0.46769392490386963
0.42408087849617004
0.4604891240596771
0.1733788698911667
0.35910865664482117
0.4520986080169678
0.41852569580078125
0.4649633765220642
0.5302643775939941
0.420386403799057
0.44191989302635193
0.4960985481739044
0.2724565267562866
0.40442579984664917
0.15983165800571442
0.4407380223274231
0.504789412021637
0.45398128032684326
0.14590680599212646
0.3839321434497833
0.3903805911540985
0.4546554684638977
0.23344478011131287
0.3743073344230652
0.48439106345176697
0.24688385426998138
0.23850372433662415
0.18679270148277283
0.22057975828647614
0.4793209731578827
0.5163046717643738
0.2796139419078827
0.39215728640556335
0.3486446738243103
0.2583366632461548
0.4134228825569153
0.42064404487609863
0.3998391330242157
0.3959599733352661
0.45789456367492676
0.4440537989139557
0.522585391998291
0.37994202971458435
0.21248066425323486
0.3905925452709198
0.4153459966182709
0.3897761404514313
0.3743361532688141
0.3863435387611389
0.1823105365037918
0.20867961645126343
0.4434497058391571
0.1932070404291153
0.23515239357948303
0.18610844016075134
0.45666077733039856
0.4431628882884979
0.41405898332595825
0.16325759887695312
0.401932030916214
0.3862677812576294
0.3759782910346985
0.4006776511669159
0.21296288073062897
0.4679129123687744
0.337554931640625
0.5175260305404663
0.3847118318080902
0.5011911392211914
0.436934232711792
0.5191758871078491
0.443533331155777
0.21002045273780823
0.36780300736427307
0.3526820242404938
0.16216525435447693
0.478534996509552
0.12693385779857635
0.2947721481323242
0.3366369307041168
0.4241816997528076
0.4291170537471771
0.2717280983924866
0.20878684520721436
0.44611653685569763
0.15961892902851105
0.2021656036376953
0.39036113023757935
0.4003405272960663
0.18074187636375427
0.21762576699256897
0.39636051654815674
0.40787243843078613
0.3883824944496155
0.21154150366783142
0.4049058258533478
0.40165388584136963
0.393352746963501
0.48731717467308044
0.42233970761299133
0.42227596044540405
0.21714630722999573
0.3385321795940399
0.22063937783241272
0.20073120296001434
0.40977951884269714
0.3748447000980377
0.3709544837474823
0.4562157094478607
0.5152155160903931
0.2581716477870941
0.4372848868370056
0.23473414778709412
0.39492011070251465
0.22729437053203583
0.20495539903640747
0.4148542881011963
0.44245171546936035
0.14661569893360138
0.358541339635849
0.41938281059265137
0.38752463459968567
0.4847020208835602
0.2006380409002304
0.3825503885746002
0.5230606198310852
0.4345780909061432
0.41164496541023254
0.4624401330947876
0.3652592599391937
0.12592129409313202
0.48552367091178894
0.15663142502307892
0.2567872107028961
0.1805538386106491
0.4343959391117096
0.4835319221019745
0.3667537271976471
0.3484199643135071
0.4008156657218933
0.3850899934768677
0.20763808488845825
0.18322598934173584
0.2912432551383972
0.32978659868240356
0.2911405861377716
0.3683720529079437
0.18281200528144836
0.2506200671195984
0.5346125960350037
0.5119731426239014
0.560355544090271
0.21454690396785736
0.18005527555942535
0.4878196716308594
0.36585575342178345
0.41689953207969666
0.39004626870155334
0.3029613494873047
0.4376976490020752
0.2867851257324219
0.38594555854797363
0.449178010225296
0.1899823248386383
0.4124521017074585
0.3837977647781372
0.34070855379104614
0.40951797366142273
0.22862161695957184
0.19877858459949493
0.41248515248298645
0.3973643481731415
0.4462251663208008
0.2587740421295166
0.41110777854919434
0.45443305373191833
0.4293217062950134
0.44432514905929565
0.3824285566806793
0.41065892577171326
0.18727970123291016
0.45279303193092346
0.22157907485961914
0.3406369686126709
0.38596633076667786
0.3816276788711548
0.5337732434272766
0.4515042006969452
0.21839889883995056
0.16118504106998444
0.10789983719587326
0.16475838422775269
0.24036136269569397
0.4099714756011963
0.40606144070625305
0.149160698056221
0.3846186101436615
0.464350163936615
0.494272381067276
0.4309222102165222
0.40579700469970703
0.377510666847229
0.41684746742248535
0.4686832129955292
0.4646227955818176
0.2566445469856262
0.43844878673553467
0.43961307406425476
0.2141818255186081
0.417378693819046
0.5862157344818115
0.43490517139434814
0.15645548701286316
0.1933402568101883
0.17132677137851715
0.16650179028511047
0.44720402359962463
0.1864769607782364
0.20031104981899261
0.4944588541984558
0.4092632234096527
0.36918866634368896
0.41015326976776123
0.22961369156837463
0.4076651632785797
0.45448508858680725
0.46658438444137573
0.4017554819583893
0.43880465626716614
0.43841734528541565
0.21588633954524994
0.339395135641098
0.3878737688064575
0.4274066686630249
0.4544967710971832
0.33377036452293396
0.37907469272613525
0.43886539340019226
0.1730423867702484
0.15856315195560455
0.385267436504364
0.4340084493160248
0.44810211658477783
0.4172176718711853
0.3478817343711853
0.3959672451019287
0.1940416395664215
0.4791207015514374
0.38399985432624817
0.48319995403289795
0.42393171787261963
0.506397545337677
