3.2157375812530518
1.6714261770248413
1.4048585891723633
1.7837048768997192
1.5486714839935303
1.2220607995986938
1.221495509147644
1.0807403326034546
1.259541630744934
1.052544116973877
1.0427675247192383
1.0745478868484497
1.5229803323745728
1.1631923913955688
1.1448909044265747
1.1739962100982666
1.0656399726867676
1.1899973154067993
1.7149792909622192
1.0767706632614136
1.1601455211639404
1.2144687175750732
1.089355230331421
0.9894868731498718
1.0456801652908325
1.0707350969314575
0.9806181788444519
0.9564968943595886
1.0045901536941528
0.9886860251426697
1.0485949516296387
1.1335902214050293
0.9383029341697693
0.9920010566711426
1.2739876508712769
0.9847960472106934
0.9702543020248413
0.9166727662086487
0.9523067474365234
0.960569441318512
0.9808425903320312
1.044956922531128
0.9412037134170532
0.8917768597602844
1.0889439582824707
0.9587284326553345
0.9140318036079407
0.9987776875495911
0.9333844780921936
0.9298290014266968
0.9276294112205505
0.9751700758934021
0.9216196537017822
0.9680958986282349
0.9355867505073547
0.9317700266838074
0.9934463500976562
0.8516213297843933
0.9213828444480896
0.8926636576652527
0.9663786888122559
0.9345778226852417
0.8770424127578735
0.8776099681854248
0.9250024557113647
0.9173349142074585
0.856482744216919
0.8752384185791016
0.9438031911849976
0.8653951287269592
0.8533466458320618
0.8707188963890076
0.9148211479187012
0.9497503638267517
0.856226921081543
0.8632751703262329
0.8507974743843079
0.8249675035476685
0.8888657689094543
0.8032616376876831
0.769919216632843
0.7921321392059326
1.266894817352295
0.8278005719184875
0.8605167865753174
0.9184255003929138
0.9381084442138672
0.8820785284042358
0.8815783858299255
0.7733986377716064
0.6856458783149719
0.8428156971931458
0.7869576215744019
0.7188184857368469
0.7545937299728394
1.349453091621399
0.7428848743438721
0.7510322332382202
0.8637971878051758
1.428477168083191
0.8050885200500488
0.6547785401344299
0.749473512172699
0.6666008830070496
0.8064983487129211
0.8228064179420471
0.5888204574584961
0.6657945513725281
0.832634687423706
0.8004106879234314
0.6249755620956421
0.7148287892341614
0.5479614734649658
0.6764631867408752
0.6188879609107971
0.663825511932373
0.5528513193130493
0.7803930044174194
0.5467705130577087
0.5078553557395935
0.4604211449623108
0.8196949362754822
0.6199220418930054
0.7193042635917664
0.6437639594078064
0.8990293145179749
0.497073769569397
0.5573808550834656
0.7863135933876038
0.7253220677375793
0.5824506878852844
0.6124935746192932
0.5014190673828125
0.7261126041412354
0.6193323135375977
0.6147818565368652
0.6311116218566895
0.7764361500740051
0.824722409248352
0.6565036773681641
0.7538163065910339
0.6178643703460693
0.4818803369998932
0.6888847947120667
0.6336769461631775
0.7160518169403076
0.6835189461708069
0.6926730275154114
0.5617202520370483
0.7534671425819397
0.9795775413513184
0.7051758170127869
0.544215202331543
0.8089330792427063
0.7527148723602295
0.843849778175354
1.216404676437378
0.6721786260604858
0.7964036464691162
1.6068180799484253
0.7764606475830078
0.6017523407936096
0.6795543432235718
0.4509015381336212
1.1267931461334229
0.6679275631904602
0.6631478667259216
0.5382747650146484
0.7342143058776855
1.2034190893173218
0.8400339484214783
0.7003684043884277
0.7168301939964294
0.5702304840087891
0.8474560976028442
0.4957697093486786
0.5601731538772583
0.5196545124053955
0.46523693203926086
0.6032474040985107
0.5407037734985352
0.745676577091217
0.5384406447410583
0.5642077922821045
0.7763951420783997
0.5261779427528381
0.5593557953834534
0.5578431487083435
0.4778791666030884
0.7427734136581421
0.7251168489456177
0.5138803124427795
0.48154550790786743
0.7043124437332153
0.8096768260002136
0.506381094455719
0.4489716589450836
0.6847796440124512
0.7805312871932983
0.41774192452430725
0.6142375469207764
0.5060030817985535
0.7112287282943726
0.700499415397644
0.5118864178657532
0.7390491962432861
0.44401225447654724
0.7391712665557861
0.4717603623867035
0.5237345099449158
0.6422237157821655
0.42325037717819214
0.7760095000267029
0.515070378780365
0.5377315878868103
0.6818689107894897
0.46562790870666504
0.5546151995658875
0.8963345289230347
0.7366656064987183
0.4575730264186859
0.5654007196426392
0.48305410146713257
0.4982501268386841
0.5051461458206177
0.45749637484550476
0.7048583626747131
0.5937762260437012
0.5337015390396118
0.48239532113075256
0.4950047731399536
0.4773619472980499
0.5080077052116394
0.7308397889137268
0.47647160291671753
0.4822513461112976
0.6002744436264038
0.4425124228000641
0.5725018382072449
0.6913540959358215
0.49768534302711487
0.5013584494590759
0.4773024022579193
0.47569510340690613
0.51132732629776
0.6217896342277527
0.5142703652381897
0.5493709444999695
0.6640970706939697
0.4672694504261017
0.7266268730163574
0.662732720375061
0.41492903232574463
0.47631922364234924
0.4537881016731262
0.6549603939056396
0.6670615673065186
0.6769879460334778
0.6960411071777344
0.6299664378166199
0.4882989525794983
0.4300311207771301
0.4753141701221466
0.5358613729476929
0.7508888244628906
0.49516093730926514
0.7171370387077332
0.6082693338394165
0.5336003303527832
0.4584839940071106
0.6502062082290649
0.49599725008010864
0.4639919102191925
0.5464803576469421
0.5012537240982056
0.42391330003738403
0.7082743644714355
0.4830257296562195
0.5335822701454163
0.5007076263427734
0.6602510213851929
0.7620056867599487
0.605042040348053
0.44640472531318665
0.6211947202682495
0.4271019995212555
0.5076919198036194
0.47987431287765503
0.4468171298503876
0.5369248390197754
0.5798550248146057
0.676566481590271
0.6937402486801147
0.4294356405735016
0.46227559447288513
0.5602328777313232
0.7737592458724976
0.47301578521728516
0.5124031901359558
0.6830283999443054
0.691992998123169
0.44633424282073975
0.49221232533454895
0.6878222823143005
0.5459268093109131
0.44241568446159363
0.4865931272506714
0.527839183807373
0.672945499420166
0.677992582321167
0.5971192717552185
0.6672055125236511
0.681402325630188
0.6626250743865967
0.44260746240615845
0.4664347469806671
0.6939496994018555
0.6288356781005859
0.41203194856643677
0.47819721698760986
0.7069254517555237
0.4210648536682129
0.4345332384109497
0.4711252450942993
0.4348300099372864
0.4406428039073944
0.6283973455429077
0.4997704029083252
0.4387247860431671
0.5010610222816467
0.4587738513946533
0.7174631953239441
0.5300902128219604
0.4831361770629883
0.717793881893158
0.7645002603530884
0.6559931039810181
0.4497428834438324
0.5601529479026794
0.5538042187690735
0.6437795758247375
0.483268678188324
0.5445117950439453
0.49440252780914307
0.528144896030426
0.4637214243412018
0.5304074287414551
0.5095109939575195
0.5267370343208313
0.5410133004188538
0.46121668815612793
0.6878392100334167
0.5220097303390503
0.6858800053596497
0.6579070091247559
0.6043550372123718
0.6841723918914795
0.700145423412323
0.44459980726242065
0.5062801241874695
0.4943487048149109
0.703478991985321
0.6700261831283569
0.675216794013977
0.6812101006507874
0.7001726031303406
0.483768105506897
0.4421662390232086
0.674152135848999
0.4199807345867157
0.5051082372665405
0.4537212550640106
0.46166306734085083
0.47940129041671753
0.4602360129356384
0.7249649167060852
0.43156254291534424
0.4521434009075165
0.5122010111808777
0.4467324912548065
0.44946280121803284
0.48568466305732727
0.49981436133384705
0.44061896204948425
0.4358299672603607
0.47745025157928467
0.5020361542701721
0.4484882056713104
0.4040505588054657
0.520002007484436
0.6771531105041504
0.4717191159725189
0.47396814823150635
0.4094540774822235
0.45051467418670654
0.4861241579055786
0.6689316034317017
0.6876417994499207
0.6939987540245056
0.6407341361045837
0.5497723817825317
0.4593183398246765
0.5210527777671814
0.6519352197647095
0.5037471652030945
0.6766158938407898
0.7169958353042603
0.7375282645225525
0.46445682644844055
0.533420979976654
0.7148565053939819
0.7362833619117737
0.43189045786857605
0.646615207195282
0.4216553568840027
0.669978141784668
0.4753033518791199
0.5176457762718201
0.7147912979125977
0.6629594564437866
0.6603589653968811
0.5681276321411133
0.47506028413772583
0.6694320440292358
0.44021880626678467
0.6462877988815308
0.4610426723957062
0.7361661195755005
0.4403029978275299
0.45181503891944885
0.41664326190948486
0.7247850298881531
0.4762648046016693
0.6614384055137634
0.5119211673736572
0.6444542407989502
0.7107842564582825
0.44837823510169983
0.4227091073989868
0.4472498595714569
0.4120023250579834
0.4787278175354004
0.4490393102169037
0.41404932737350464
0.43476787209510803
0.6641282439231873
0.45201659202575684
0.42831534147262573
0.6880071759223938
0.4923919141292572
0.5357330441474915
0.4813283681869507
0.5390530824661255
0.5378730297088623
0.6547543406486511
0.7085110545158386
0.6866600513458252
0.6734245419502258
0.6970226764678955
0.7333299517631531
0.44100773334503174
0.6501185894012451
0.4985848069190979
0.5090698003768921
0.47277751564979553
0.468937486410141
0.5002791881561279
0.5055794715881348
0.4519438147544861
0.46045008301734924
0.6558416485786438
0.490723580121994
0.4532780945301056
0.4916263818740845
0.46367722749710083
0.4273624122142792
0.539638340473175
0.42249807715415955
0.6347895264625549
0.6663896441459656
0.7139814496040344
0.690379798412323
0.5529036521911621
0.6955929398536682
0.5150297284126282
0.474571168422699
0.805626392364502
0.46484577655792236
0.6767951846122742
0.5262947082519531
0.5145509243011475
0.4540344774723053
0.7198633551597595
0.48263677954673767
0.39520061016082764
0.4778595566749573
0.39373838901519775
0.46760982275009155
0.4602348208427429
0.46674132347106934
0.7004497051239014
0.7025442123413086
0.44695499539375305
0.4907881021499634
0.5021620392799377
0.4566236436367035
0.5083179473876953
0.6553452610969543
0.6720154285430908
0.48616689443588257
0.547355592250824
0.4689197838306427
0.6320109367370605
0.7101777195930481
0.5045194625854492
0.4801085889339447
0.4688996374607086
0.47382837533950806
0.4393112063407898
0.4687023460865021
0.676956295967102
0.7605504393577576
0.5000566244125366
0.6524185538291931
0.6804134845733643
0.45071402192115784
0.4565633237361908
0.46573495864868164
0.6908200979232788
0.5590363144874573
0.4278720021247864
0.48306405544281006
0.6777529120445251
0.6487612128257751
0.4523259401321411
0.4765811264514923
0.709312915802002
0.43400710821151733
0.7124859690666199
0.6851940751075745
0.6272063255310059
0.6479997038841248
0.7162483334541321
0.6447756290435791
0.6403043866157532
0.5023052096366882
0.6595588326454163
0.4763980507850647
0.4896417260169983
0.5488102436065674
0.4484752416610718
0.5052032470703125
0.7177305817604065
0.6474785208702087
0.4432501792907715
0.38998499512672424
0.4502587914466858
0.44250670075416565
0.7100782990455627
0.45727041363716125
0.6730003952980042
0.6533384323120117
0.4962731897830963
0.8284797668457031
0.3940747082233429
0.7176380157470703
0.45601004362106323
0.5331266522407532
0.48072850704193115
0.6983183026313782
0.7194191217422485
0.5497561097145081
0.6342573165893555
0.4923223853111267
0.42004135251045227
0.5363436341285706
0.8414666652679443
0.503217339515686
0.5004833936691284
0.457613468170166
0.4459065794944763
0.7643516063690186
0.47519445419311523
0.544063925743103
0.680998682975769
0.4728323221206665
0.4588877260684967
0.6709640026092529
0.70990389585495
0.7378801703453064
0.49261710047721863
0.547060489654541
0.5199056267738342
0.4461541175842285
0.4849087595939636
0.663079559803009
0.6833671927452087
0.7396745681762695
0.8173781037330627
0.49327483773231506
0.6722376942634583
0.8948070406913757
0.6138674020767212
0.48886439204216003
1.1794321537017822
0.4655359387397766
0.7544942498207092
1.1287380456924438
0.5328282713890076
0.7021845579147339
0.8733570575714111
0.8713400363922119
0.5285082459449768
0.5564346313476562
0.5384019613265991
0.6421641111373901
0.8071415424346924
0.902588427066803
0.494402676820755
0.5312688946723938
0.6659185886383057
0.8523114919662476
0.5534968376159668
0.7614511847496033
0.528730034828186
1.228272557258606
0.7270765900611877
0.4751594066619873
0.4543607532978058
0.7475132942199707
0.5972502827644348
0.6567851901054382
0.5185975432395935
1.027665376663208
0.7069429755210876
0.45879119634628296
1.1052894592285156
0.9027169942855835
0.49157068133354187
0.47033244371414185
0.5033798217773438
0.429207444190979
0.5249047875404358
0.7339941263198853
0.5562639832496643
0.5750578045845032
0.4838460385799408
0.6319191455841064
0.672626793384552
0.632901132106781
0.6484208106994629
0.44802922010421753
0.4692487120628357
0.465092271566391
0.6593488454818726
0.6383657455444336
0.4854881167411804
0.4466014504432678
0.4237655699253082
0.669738233089447
0.4320833384990692
0.47980284690856934
0.6869051456451416
0.5340301394462585
0.5128805041313171
0.5333433151245117
0.515297532081604
0.46593087911605835
0.8611348271369934
0.6766567230224609
0.4254080355167389
0.4489269554615021
0.7144319415092468
0.45594996213912964
0.7380293011665344
0.7301030158996582
0.6722726225852966
0.47973814606666565
0.6720683574676514
0.5097683668136597
0.4824207127094269
0.49860626459121704
0.43568551540374756
0.7189908623695374
0.46061646938323975
0.5664039850234985
0.6930949687957764
0.4107039272785187
0.4481363892555237
0.440987765789032
0.7218207716941833
0.4252699315547943
0.48857274651527405
0.49912822246551514
0.6962445974349976
0.6654366850852966
0.680463433265686
0.48178577423095703
0.46316197514533997
0.7415778040885925
0.5744017958641052
0.5038573741912842
0.45392200350761414
0.6870359182357788
0.4178745150566101
0.43438971042633057
0.46416401863098145
0.473195344209671
0.4771740734577179
0.46357250213623047
0.45727112889289856
0.44587406516075134
0.7351893186569214
0.45965373516082764
0.6605034470558167
0.4328780174255371
0.4787932336330414
0.4340842068195343
0.7447524070739746
0.459993839263916
0.4513165354728699
0.44844573736190796
0.7070541977882385
0.47243839502334595
0.657204270362854
0.6031160950660706
0.6429969668388367
0.4626256227493286
0.4670630395412445
0.45276835560798645
0.6703642010688782
0.49720498919487
0.4132375717163086
0.5269585847854614
0.41673335433006287
0.4209647476673126
0.6956218481063843
0.486892431974411
0.785689115524292
0.6307905316352844
0.44628170132637024
0.44354724884033203
0.4755489230155945
0.46671754121780396
0.4408552944660187
0.4178866446018219
0.4647362232208252
0.4917542040348053
0.5396444797515869
0.47226786613464355
0.47434112429618835
0.709256112575531
0.6555386781692505
0.3992585241794586
0.4768155813217163
0.45068904757499695
0.5134764313697815
0.6789178848266602
0.47370025515556335
0.4954802393913269
0.4306677281856537
0.5063676238059998
0.4199974834918976
0.5106657147407532
0.4345405697822571
0.4661880433559418
0.6681213974952698
0.6869012713432312
0.4530590772628784
0.5562476515769958
0.6270938515663147
0.4768441915512085
0.5070974230766296
0.42370113730430603
0.6409055590629578
0.4471072256565094
0.661532998085022
0.46394968032836914
0.6878880858421326
0.5002571940422058
0.6261833906173706
0.5395120978355408
0.44742101430892944
0.40838491916656494
0.6971542239189148
0.6216201782226562
0.4346078634262085
0.4323812425136566
0.6634311676025391
0.4938034117221832
0.4803553819656372
0.4987034499645233
0.4587332010269165
0.4688408374786377
0.39854735136032104
0.4482195973396301
0.4416116774082184
0.7400007843971252
0.460954487323761
0.6684732437133789
0.52141934633255
0.6534931659698486
0.7263521552085876
0.6702309846878052
0.49000880122184753
0.4438018202781677
0.48580610752105713
0.49574336409568787
0.4194159209728241
0.6648818850517273
0.43747979402542114
0.41981080174446106
0.45405659079551697
0.5965960025787354
0.408580482006073
0.6295987367630005
0.4126332700252533
0.43248865008354187
0.4317523241043091
0.42614030838012695
0.6562321782112122
0.6059690117835999
0.4213807284832001
0.49693533778190613
0.390837162733078
0.3996111750602722
0.4680671691894531
0.4363376498222351
0.45090821385383606
0.44089847803115845
0.39577922224998474
0.43742096424102783
0.5626877546310425
0.47247862815856934
0.6823091506958008
0.4511043429374695
0.8508894443511963
0.4387088119983673
0.4435819983482361
0.6388372182846069
0.4526645541191101
0.6893537640571594
0.6498033404350281
0.4507824778556824
0.43928858637809753
0.47803008556365967
0.5355104804039001
0.5116329193115234
0.6583284735679626
0.6944934725761414
0.4695877730846405
0.4760914146900177
0.7115287184715271
0.45115652680397034
0.47230327129364014
0.7090750336647034
0.7129308581352234
0.51685631275177
0.5237722992897034
0.5855081081390381
0.41175320744514465
0.6837604641914368
0.4609546959400177
0.4519729018211365
0.44014063477516174
0.6838772892951965
0.6498624086380005
0.4919694662094116
0.47847747802734375
0.4914710521697998
0.6268908381462097
0.4084014892578125
0.6486214399337769
0.4886088967323303
0.41976404190063477
0.6859689950942993
0.4502520263195038
0.46401602029800415
0.6778510212898254
0.48881587386131287
0.5009251832962036
0.45254042744636536
0.6840100884437561
0.41741234064102173
0.49594417214393616
0.48833057284355164
0.4259939193725586
0.41773128509521484
0.4830459654331207
0.626108705997467
0.4605989456176758
0.49066853523254395
0.6712472438812256
0.46404165029525757
0.44427913427352905
0.4321126341819763
0.6654531955718994
0.6490993499755859
0.6914528608322144
0.4562457203865051
0.6801009178161621
0.4175182282924652
0.6864074468612671
0.42386123538017273
0.4580598473548889
0.4251561164855957
0.4300607442855835
0.6949989795684814
0.43775588274002075
0.5461357235908508
0.6690235137939453
0.6875602602958679
0.43264567852020264
0.35615965723991394
0.48880940675735474
0.7025566697120667
0.4572758972644806
0.4581254720687866
0.5758704543113708
0.41967448592185974
0.5193105936050415
0.4174251854419708
0.4279422461986542
0.6638427376747131
0.7075958847999573
0.4945366382598877
0.48923829197883606
0.6181240677833557
0.449211984872818
0.7110335230827332
0.47626927495002747
0.5051016211509705
0.45000362396240234
0.719510018825531
0.5154172778129578
0.5006731748580933
0.658073902130127
0.4505497217178345
0.7667805552482605
0.4495930075645447
0.42699554562568665
0.49204951524734497
0.6711693406105042
0.6412132382392883
0.6099129915237427
0.5232057571411133
0.44435545802116394
0.47137823700904846
0.39359426498413086
0.4115544259548187
0.6646867990493774
0.6872690320014954
0.40595507621765137
0.394461989402771
0.6726053953170776
0.6455402970314026
0.39625176787376404
0.48178115487098694
0.418845534324646
0.4207420349121094
0.5160801410675049
0.46249130368232727
0.5078229308128357
0.42459431290626526
0.446224570274353
0.6642526984214783
0.48485061526298523
0.46374988555908203
0.5346009731292725
0.46243539452552795
0.5265435576438904
0.4393123984336853
0.7960665225982666
0.4291187524795532
0.4439330995082855
0.45224425196647644
0.6556129455566406
0.7268067598342896
0.4261096715927124
0.5066013932228088
0.4136245846748352
0.6759469509124756
0.5256379842758179
0.45612919330596924
0.4986928403377533
0.6533934473991394
0.4625553786754608
0.495684415102005
0.45811405777931213
0.6271787881851196
0.47874337434768677
0.7141250371932983
0.5043892860412598
0.5286941528320312
0.6574754118919373
0.5127129554748535
0.6259581446647644
0.44762253761291504
0.680906355381012
0.5022528767585754
0.6565405130386353
0.4884360730648041
0.6913601160049438
0.5493209958076477
0.6606056094169617
0.576299250125885
0.47519826889038086
0.4778759777545929
0.489554226398468
0.45465001463890076
0.4128873646259308
0.425098717212677
0.6727145314216614
0.41553470492362976
0.5237254500389099
0.4286087453365326
0.5107610821723938
0.7151684761047363
0.4309665560722351
0.4474649131298065
0.4728721082210541
0.40718942880630493
0.657650887966156
0.4473384618759155
0.4684310853481293
0.43840184807777405
0.6492131352424622
0.6691084504127502
0.4463118612766266
0.4538414478302002
0.6342045664787292
0.6541985273361206
0.46998605132102966
0.3984948992729187
0.43905431032180786
0.6533693075180054
0.6228848099708557
0.4152699410915375
0.3864804208278656
0.6822407841682434
0.6812978386878967
0.42603591084480286
0.4574962854385376
0.4273141622543335
0.6936811804771423
0.4712374806404114
0.3610955476760864
0.43586573004722595
0.45990970730781555
0.47140640020370483
0.3917209804058075
0.44173958897590637
0.4296644628047943
0.38469621539115906
0.415556401014328
0.4457451403141022
0.44615742564201355
0.7124217748641968
0.4024432897567749
0.6455191373825073
0.450717568397522
0.7103216052055359
0.6525118947029114
0.6687665581703186
0.7110693454742432
0.4916285276412964
0.41828009486198425
0.4299231469631195
0.4544367492198944
0.47795024514198303
0.4154904782772064
0.4310343563556671
0.4889450967311859
0.4732843041419983
0.717806339263916
0.613724410533905
0.4531700611114502
0.4792146682739258
0.6077457666397095
0.661096453666687
0.4303997755050659
0.4266292452812195
0.41838979721069336
0.459271639585495
0.374906450510025
0.5187004804611206
0.4253940284252167
0.3918966054916382
0.41279950737953186
0.45356836915016174
0.6728582978248596
0.4259728789329529
0.4571002125740051
0.48185256123542786
0.4310702383518219
0.6561667323112488
0.650583028793335
0.6644400954246521
0.4704912304878235
0.4352814257144928
0.6378249526023865
0.5057908892631531
0.6051145195960999
0.6367144584655762
0.6510975956916809
0.42759034037590027
0.40700072050094604
0.4411785304546356
0.41391363739967346
0.4312952756881714
0.43612736463546753
0.6593303680419922
0.5861116051673889
0.47448670864105225
0.39622849225997925
0.44592738151550293
0.41926470398902893
0.4099975526332855
0.4314802587032318
0.4830787181854248
0.499946653842926
0.42583781480789185
0.43043676018714905
0.4453705847263336
0.6712658405303955
0.4759332835674286
0.4722525477409363
0.4459160268306732
0.4401751756668091
0.6634254455566406
0.4746619760990143
0.6524698138237
0.5893353223800659
0.4957107603549957
0.47804251313209534
0.6374530792236328
0.45452871918678284
0.45886871218681335
0.4551765024662018
0.46208053827285767
0.4741101562976837
0.6601428985595703
0.5090177059173584
0.4929097890853882
0.40534308552742004
0.6362348198890686
0.6769469976425171
0.4977073073387146
0.6741402745246887
0.48787257075309753
0.4392116367816925
0.6212798357009888
0.4109063148498535
0.7117272019386292
0.4111845791339874
0.8832794427871704
0.4811292886734009
0.6054901480674744
0.6163983941078186
0.45249634981155396
0.6809805631637573
0.7063168287277222
0.5782418847084045
0.4740492105484009
0.6976848244667053
0.5340208411216736
0.6722096800804138
0.6594500541687012
0.7235593199729919
0.500129222869873
0.4673389196395874
0.5076613426208496
0.5197203755378723
0.6366676688194275
0.6448083519935608
0.46057674288749695
0.4625730514526367
0.5428385138511658
0.4402884542942047
0.704382598400116
0.6526238918304443
0.4807608127593994
0.7457396388053894
0.45423996448516846
0.43967652320861816
0.4150998890399933
0.44240474700927734
0.5052168965339661
0.4065586030483246
0.429968923330307
0.4838631749153137
0.6388236284255981
0.47869256138801575
0.43930765986442566
0.4380444288253784
0.6346887946128845
0.6372846364974976
0.4194891154766083
0.3981277048587799
0.4421156942844391
0.4309225082397461
0.4783657193183899
0.4042535126209259
0.4706484377384186
0.4376446604728699
0.4163983166217804
0.42449232935905457
0.6146170496940613
0.42272576689720154
0.5476489663124084
0.4266235828399658
0.44695425033569336
0.6660574078559875
0.4637610912322998
0.5193624496459961
0.4383481442928314
0.4423093795776367
0.6920050978660583
0.41355037689208984
0.6593568325042725
0.49312108755111694
0.682275116443634
0.4222579002380371
0.4279888868331909
0.5772184133529663
0.4877118468284607
0.6814670562744141
0.6124692559242249
0.651343822479248
0.4821975827217102
0.6759693026542664
0.48080313205718994
0.44327259063720703
0.5103695392608643
0.4110524356365204
0.44797277450561523
0.6857892870903015
0.47297540307044983
0.6524369716644287
0.44664496183395386
0.49313294887542725
0.6278837323188782
0.6788015961647034
0.6877938508987427
0.6163737773895264
0.6998400688171387
0.46188709139823914
0.4295487105846405
0.6316090822219849
0.4917789697647095
0.6916436553001404
0.45035526156425476
0.6621572971343994
0.6770302057266235
0.6670491099357605
0.6072906851768494
0.6316177248954773
0.6128284931182861
0.42427679896354675
0.444862425327301
0.40320396423339844
0.48398762941360474
0.6519026756286621
0.4674278199672699
0.46198877692222595
0.6393308043479919
0.5723952054977417
0.41491827368736267
0.6058836579322815
0.42541056871414185
0.5892885327339172
0.4336162209510803
0.6486323475837708
0.3989236056804657
0.4894668161869049
0.44188323616981506
0.6275012493133545
0.3939838707447052
0.4428993761539459
0.4400757849216461
0.4238252639770508
0.3824467360973358
0.6326701641082764
0.4445115625858307
0.42241960763931274
0.41809794306755066
0.6364488005638123
0.6987229585647583
0.41554635763168335
0.4788341224193573
0.4538426697254181
0.36644014716148376
0.6579006314277649
0.6364168524742126
0.42194029688835144
0.4401819407939911
0.6043177247047424
0.4538571238517761
0.49448496103286743
0.4139845669269562
0.6863698959350586
0.43409425020217896
0.44352003931999207
0.4775622487068176
0.40873977541923523
0.4643821120262146
0.6653079986572266
0.42217355966567993
0.6593719720840454
0.48334819078445435
0.6197238564491272
0.4527471959590912
0.7066201567649841
0.44284066557884216
0.37929606437683105
0.41369500756263733
0.42589691281318665
0.44949400424957275
0.4448479115962982
0.7705059051513672
0.46739405393600464
0.49628737568855286
0.43177419900894165
0.4729882776737213
0.48323461413383484
0.44778767228126526
0.41330310702323914
0.433814138174057
0.4148125946521759
0.7211225628852844
0.4514540731906891
0.41454237699508667
0.437433123588562
0.40143880248069763
0.4110505282878876
0.463255375623703
0.4390740394592285
0.42797794938087463
0.4684024453163147
0.6064368486404419
0.45137420296669006
0.42119649052619934
0.6175718903541565
0.6140434741973877
0.3940000832080841
0.45427921414375305
0.6550319194793701
0.47904643416404724
0.44833365082740784
0.40984809398651123
0.42849740386009216
0.4218382239341736
0.41195520758628845
0.6555140018463135
0.43594086170196533
0.4319528639316559
0.6428728103637695
0.5315616130828857
0.4163963496685028
0.45766356587409973
0.4303567409515381
0.4314911365509033
0.6257978081703186
0.4352434277534485
0.4116600751876831
0.3935655653476715
0.4418300986289978
0.6920996308326721
0.37853866815567017
0.4763184189796448
0.6559996604919434
0.6295648813247681
0.6436536908149719
0.7332395911216736
0.4473385512828827
0.5445586442947388
0.46144211292266846
0.39475977420806885
0.6312816143035889
0.4883732199668884
0.45394235849380493
0.548860490322113
0.6075842380523682
0.5447825789451599
0.6538417339324951
0.4245416522026062
0.4603883922100067
0.4722362160682678
0.6987653374671936
0.46275410056114197
0.3949397802352905
0.4486508071422577
0.6457014679908752
0.4511198401451111
0.6461218595504761
0.6388522982597351
0.6263072490692139
0.3892064690589905
0.4171677827835083
0.3990458548069
0.6264719367027283
0.38033127784729004
0.4252508580684662
0.4843228757381439
0.42945536971092224
0.45834875106811523
0.4232700765132904
0.44632381200790405
0.6398845911026001
0.4288332164287567
0.4177066683769226
0.41343143582344055
0.694471001625061
0.7821690440177917
0.40157729387283325
0.6106137037277222
0.6100817918777466
0.7503882646560669
0.48961126804351807
0.49293243885040283
0.389860063791275
0.6449222564697266
0.4530327320098877
0.4188613295555115
0.4677349925041199
0.6509217619895935
0.4341513514518738
0.4170127809047699
0.6798292994499207
0.601047158241272
0.6610559821128845
0.6589787006378174
0.46000784635543823
0.6072201728820801
0.4351218640804291
0.4132661819458008
0.4764572083950043
0.5920425653457642
0.5015249848365784
0.6427728533744812
0.4344162046909332
0.4186699390411377
0.6781830787658691
0.4231184422969818
0.4379015564918518
0.4130348861217499
0.4272617995738983
0.6527566909790039
0.6783563494682312
0.43266770243644714
0.4274016320705414
0.6922156810760498
0.5215569138526917
0.4505958557128906
0.4451175034046173
0.45717889070510864
0.358450710773468
0.5941324830055237
0.4340464770793915
0.6369474530220032
0.39632365107536316
0.6821993589401245
0.433659166097641
0.4516187608242035
0.6459259986877441
0.46726876497268677
0.39938828349113464
0.6635057330131531
0.6916019320487976
0.5841880440711975
0.5867230296134949
0.4299828112125397
0.45475468039512634
0.4495052695274353
0.44828537106513977
0.4701283276081085
0.4227159023284912
0.6620655655860901
0.7808426022529602
0.6301528811454773
0.4984179735183716
0.37908637523651123
0.452856183052063
0.5045343637466431
0.44953668117523193
0.415683388710022
0.4312884509563446
0.4366495907306671
0.6702948212623596
0.6384527683258057
0.4452783167362213
0.45602303743362427
0.6331746578216553
0.6547471880912781
0.4358285069465637
0.6019566059112549
0.4509798288345337
0.40158969163894653
0.6441617608070374
0.5003629326820374
0.40242427587509155
0.6625491380691528
0.39714914560317993
0.39713191986083984
0.661062479019165
0.40080446004867554
0.41834792494773865
0.6558382511138916
0.4135429561138153
0.623806357383728
0.42000746726989746
0.48179498314857483
0.45242583751678467
0.44663679599761963
0.4265000522136688
0.4192090928554535
0.43027475476264954
0.582809329032898
0.45080435276031494
0.39848631620407104
0.4495680630207062
0.4540327489376068
0.4979354739189148
0.401569664478302
0.3450383245944977
0.6299718618392944
0.6242473721504211
0.4457639455795288
0.41555917263031006
0.6508502960205078
0.6812247037887573
0.43906688690185547
0.48472240567207336
0.6025055050849915
0.48964324593544006
0.41941824555397034
0.4347476065158844
0.43050479888916016
0.6056928038597107
0.4067593812942505
0.5018801093101501
0.4481140077114105
0.6004095673561096
0.6345558166503906
0.58676677942276
0.6152061820030212
0.37267225980758667
0.396819144487381
0.5612026453018188
0.4951176345348358
0.46987849473953247
0.44245707988739014
0.38981983065605164
0.4246750771999359
0.48038071393966675
0.36516228318214417
0.3848063051700592
0.6243906021118164
0.4526950716972351
0.43496817350387573
0.40091297030448914
0.42651644349098206
0.46293747425079346
0.542323887348175
0.5938949584960938
0.4479396641254425
0.40061625838279724
0.44858595728874207
0.4424305260181427
0.41753846406936646
0.3603408932685852
0.505474865436554
0.546775758266449
0.4969974160194397
0.5848368406295776
0.33643922209739685
0.4902243912220001
0.5500842928886414
0.4014280438423157
0.4388524889945984
0.4193974435329437
0.436349093914032
0.5815368890762329
0.47926849126815796
0.6109718084335327
0.5789309740066528
0.4886700510978699
0.6037374138832092
0.677153468132019
0.4578281044960022
0.4883212745189667
0.5227077603340149
0.4499097764492035
0.43453678488731384
0.680468738079071
0.43922215700149536
0.43989312648773193
0.40320494771003723
0.3902955949306488
0.3759443163871765
0.5348204374313354
0.4717933237552643
0.4000193476676941
0.6170395016670227
0.7441657781600952
0.647186815738678
0.4982059597969055
0.4959683120250702
0.45149606466293335
0.4611051380634308
0.619157075881958
0.605303168296814
0.6322361826896667
0.44178059697151184
0.4394647777080536
0.581129789352417
0.4288603663444519
0.3349166214466095
0.6601311564445496
0.4373181164264679
0.627310574054718
0.4097553491592407
0.3455316126346588
0.5873061418533325
0.36541321873664856
0.40858739614486694
0.583462655544281
0.41764336824417114
0.6023114323616028
0.572893500328064
0.5897948145866394
0.5404576063156128
0.51634681224823
0.4429909884929657
0.374035507440567
0.4071595370769501
0.356026291847229
0.3587130606174469
0.5416913628578186
0.39681610465049744
0.3594949245452881
0.44281458854675293
0.46201837062835693
0.40666502714157104
0.6621829271316528
0.49097198247909546
0.5380323529243469
0.5241707563400269
0.48739221692085266
0.6182711124420166
0.6618770956993103
0.6159629225730896
0.4822210669517517
0.4544191360473633
0.633608877658844
0.4112263023853302
0.5897251963615417
0.4760240316390991
0.47942423820495605
0.48084086179733276
0.6280041337013245
0.3671085238456726
0.4424434006214142
0.5863947868347168
0.7300229668617249
0.39816969633102417
0.46393299102783203
0.397065669298172
0.6072162985801697
0.39912864565849304
0.5816818475723267
0.5126605033874512
0.5757150053977966
0.43121495842933655
0.4152425229549408
0.3870958089828491
0.35870546102523804
0.35215556621551514
0.42910149693489075
0.6123918890953064
0.6780681610107422
0.46188125014305115
0.6048383712768555
0.3406057357788086
0.3599190413951874
0.4846946597099304
0.587539553642273
0.6119786500930786
0.6011316776275635
0.41436856985092163
0.4639386534690857
0.5103037357330322
0.5708612203598022
0.46635034680366516
0.5432940125465393
0.3819885849952698
0.46812570095062256
0.3276890814304352
0.5567725896835327
0.4817838668823242
0.6622874140739441
0.6074022054672241
0.47053587436676025
0.4888594448566437
0.43077459931373596
0.6069228053092957
0.6547598838806152
0.4406359791755676
0.5946594476699829
0.4598834812641144
0.626791775226593
0.42495670914649963
0.41267505288124084
0.6910555958747864
0.4325440526008606
0.3448454439640045
0.4633450210094452
0.6379574537277222
0.4839482605457306
0.5474929809570312
0.5788515210151672
0.3990907073020935
0.5445325970649719
0.4075010120868683
0.35652956366539
0.4985905885696411
0.385819673538208
0.604698657989502
0.48226606845855713
0.35561758279800415
0.5169510841369629
0.5470218658447266
0.5252298712730408
0.4251963794231415
0.4476594924926758
0.5362196564674377
0.49409911036491394
0.6097649335861206
0.5284404158592224
0.41275233030319214
0.4279273450374603
0.32127824425697327
0.3650892972946167
0.5442399382591248
0.5689517259597778
0.3084755837917328
0.45648193359375
0.5910657048225403
0.5800701975822449
0.5801947712898254
0.34290817379951477
0.5005611181259155
0.3231416940689087
0.5267481207847595
0.30170050263404846
0.2955624461174011
0.4457886219024658
0.525333046913147
0.3237064480781555
0.2877245843410492
0.2989339530467987
0.4528324007987976
0.5361502170562744
0.34339308738708496
0.4528355002403259
0.48787394165992737
0.41415199637413025
0.34720897674560547
0.43988239765167236
0.5361148118972778
0.33501556515693665
0.4647761583328247
0.41579705476760864
0.4303191006183624
0.43122467398643494
0.36765003204345703
0.558427631855011
0.44307994842529297
0.4495435059070587
0.3997611999511719
0.4337283968925476
0.6434382796287537
0.45400333404541016
0.36122557520866394
0.29790258407592773
0.36052465438842773
0.47919872403144836
0.4523437023162842
0.533776581287384
0.5797275900840759
0.5277111530303955
0.5453047752380371
0.6410399079322815
0.32119810581207275
0.3391658663749695
0.5969510674476624
0.430233359336853
0.3512507677078247
0.5852934718132019
0.5252598524093628
0.40380382537841797
0.3102130889892578
0.45127928256988525
0.4456093907356262
0.5313289761543274
0.5769093036651611
0.5713949799537659
0.4987178444862366
0.40339425206184387
0.4201565682888031
0.4488556981086731
0.4079168736934662
0.5419811010360718
0.4081185758113861
0.3559311032295227
0.43371209502220154
0.4013209640979767
0.24796949326992035
0.4289063513278961
0.5285348296165466
0.37336304783821106
0.5050544142723083
0.4871515929698944
0.4261331558227539
0.2148735523223877
0.2859053611755371
0.29707762598991394
0.2823345363140106
0.4224647879600525
0.45714661478996277
0.6182439923286438
0.28838151693344116
0.45913034677505493
0.46670106053352356
0.5140715837478638
0.6932135224342346
0.3818625509738922
0.2659797668457031
0.4193768799304962
0.5717397332191467
0.4904526174068451
0.43824148178100586
0.5318047404289246
0.4872928857803345
0.5161042809486389
0.2756754159927368
0.5250579714775085
0.48042556643486023
0.32241374254226685
0.48710882663726807
0.5623129606246948
0.3307884633541107
0.4149322509765625
0.539029061794281
0.5700945258140564
0.22682246565818787
0.5824980139732361
0.4096643030643463
0.43627074360847473
0.6094854474067688
0.4153542220592499
0.3542623519897461
0.6368188858032227
0.439871221780777
0.28159254789352417
0.5793417692184448
0.28910791873931885
0.33540648221969604
0.4893099367618561
0.2997749149799347
0.5578483939170837
0.4153538942337036
0.5711252689361572
0.5861368179321289
0.4334564208984375
0.2447831779718399
0.44735291600227356
0.47758978605270386
0.4395706057548523
0.5022945404052734
0.5404170155525208
0.33879101276397705
0.4774760901927948
0.5512894988059998
0.49825769662857056
0.5898613929748535
0.4180745780467987
0.5037167072296143
0.7760568857192993
0.3105511963367462
0.2995559573173523
0.29147446155548096
0.6169033050537109
0.45853114128112793
0.31842511892318726
0.5629061460494995
0.411000519990921
0.4342747926712036
0.2694251835346222
0.2817769944667816
0.4065895676612854
0.3155832886695862
0.3859299123287201
0.39615145325660706
0.5453920960426331
0.31125062704086304
0.40766435861587524
0.46582743525505066
0.3978160619735718
0.47012659907341003
0.3256741762161255
0.47269028425216675
0.2716193199157715
0.49586236476898193
0.5295512676239014
0.5988075733184814
0.47309407591819763
0.38154712319374084
0.5627509951591492
0.4494762122631073
0.5490545034408569
0.2892886996269226
0.5226996541023254
0.423904687166214
0.30232900381088257
0.42053738236427307
0.5030118823051453
0.4656088352203369
0.43271681666374207
0.4165984094142914
0.41341882944107056
0.5414243340492249
0.5823594927787781
0.265095591545105
0.25252556800842285
0.24205492436885834
0.41948071122169495
0.3894937336444855
0.5011274218559265
0.3091796040534973
0.3422847390174866
0.4608810544013977
0.4788729250431061
0.237349733710289
0.5390636920928955
0.23114751279354095
0.4012869894504547
0.39945587515830994
0.5428544282913208
0.42574068903923035
0.47786077857017517
0.48885035514831543
0.4654637277126312
0.22876577079296112
0.46883514523506165
0.3197018802165985
0.3986515700817108
0.25532567501068115
0.2597697079181671
0.5485453009605408
0.31857097148895264
0.5375339984893799
0.28345322608947754
0.4684949815273285
0.45535415410995483
0.49407777190208435
0.4565872251987457
0.42150580883026123
0.5329814553260803
0.40264105796813965
0.4174216687679291
0.509306788444519
0.27227503061294556
0.2918443977832794
0.3670874536037445
0.2699134647846222
0.49489980936050415
0.5340217351913452
0.1981639415025711
0.5648128390312195
0.28085044026374817
0.22718574106693268
0.2785557806491852
0.3285143971443176
0.6780596375465393
0.31461581587791443
0.38059672713279724
0.4425068199634552
0.40757614374160767
0.3705943524837494
0.5142379999160767
0.45240360498428345
0.3940877914428711
0.3747166395187378
0.3412852883338928
0.43922683596611023
0.4594682455062866
0.5994201898574829
0.28845465183258057
0.4476822316646576
0.4202185571193695
0.3005315065383911
0.48278605937957764
0.4568782448768616
0.290986567735672
0.5478469133377075
0.488917738199234
0.4871048927307129
0.32495492696762085
0.4476321041584015
0.5193496942520142
0.18471941351890564
0.4553866684436798
0.26711371541023254
0.5033047199249268
0.4630378782749176
0.45511382818222046
0.29501888155937195
0.4066084921360016
0.41855835914611816
0.5972115993499756
0.42306700348854065
0.41954305768013
0.17342737317085266
0.4044923186302185
0.44500967860221863
0.2960077226161957
0.17517387866973877
0.46948614716529846
0.445826917886734
0.32825303077697754
0.2706601321697235
0.23651982843875885
0.4647795557975769
0.2879866063594818
0.37304896116256714
0.4313201308250427
0.2577327787876129
0.24851618707180023
0.45876169204711914
0.29925182461738586
0.4609118700027466
0.4463593065738678
0.3623969554901123
0.5052280426025391
0.5805551409721375
0.21884648501873016
0.4388509690761566
0.2528127133846283
0.49382808804512024
0.4287486672401428
0.45482224225997925
0.42055103182792664
0.2433256208896637
0.43321502208709717
0.4655786156654358
0.4607619643211365
0.4678903818130493
0.26857125759124756
0.4027416706085205
0.42635858058929443
0.24004323780536652
0.4865054786205292
0.48117130994796753
0.21791605651378632
0.5469169020652771
0.3230305016040802
0.46442630887031555
0.3138493299484253
0.3902560770511627
0.5127679705619812
0.45391419529914856
0.378913015127182
0.4746242165565491
0.2848123610019684
0.21437396109104156
0.3832934498786926
0.2518341839313507
0.21109934151172638
0.5021951794624329
0.250174880027771
0.29943493008613586
0.3975169360637665
0.4683656692504883
0.49780818819999695
0.23973216116428375
0.37172970175743103
0.24380885064601898
0.5424224734306335
0.46103328466415405
0.5187882781028748
0.38888391852378845
0.49644234776496887
0.4688381850719452
0.45679259300231934
0.41352859139442444
0.20597270131111145
0.3509294390678406
0.5155969262123108
0.5102379322052002
0.5233575701713562
0.5181131362915039
0.6456921100616455
0.22946710884571075
0.4373134970664978
0.2877354621887207
0.5425962209701538
0.3993590772151947
0.309852659702301
0.45812612771987915
0.44879603385925293
0.4115874767303467
0.5351188778877258
0.42755717039108276
0.4496040344238281
0.45109501481056213
0.5127100944519043
0.27684667706489563
0.25991278886795044
0.4879744052886963
0.4927329123020172
0.43887099623680115
0.2163887321949005
0.5001537203788757
0.5212479829788208
0.19579048454761505
0.314727783203125
0.28763818740844727
0.39535629749298096
0.580175518989563
0.434378981590271
0.2328094244003296
0.4409279525279999
0.24625378847122192
0.241122305393219
0.24979734420776367
0.4508717954158783
0.46161797642707825
0.4357132613658905
0.48041462898254395
0.5409518480300903
0.2803572714328766
0.35073545575141907
0.44790130853652954
0.23625661432743073
0.49381372332572937
0.3663944900035858
0.40400034189224243
0.4971388876438141
0.45174312591552734
0.24932754039764404
0.3912472128868103
0.45750197768211365
0.4580918252468109
0.20010408759117126
0.3942520022392273
0.4531048536300659
0.4223640561103821
0.4135134518146515
0.3878588378429413
0.37233766913414
0.44969654083251953
0.24294120073318481
0.4706636965274811
0.42190322279930115
0.39134806394577026
0.5240832567214966
0.4152628183364868
0.4628787338733673
0.4815142750740051
0.2511812746524811
0.5325145721435547
0.23458631336688995
0.42975032329559326
0.4490017592906952
0.22452138364315033
0.3768923580646515
0.47490352392196655
0.18042966723442078
0.4909275770187378
0.27226734161376953
0.4855767786502838
0.426609069108963
0.5221295952796936
0.43825748562812805
0.48391738533973694
0.41703712940216064
0.44291219115257263
0.45325082540512085
0.44877859950065613
0.4430431127548218
0.47136977314949036
0.29130080342292786
0.3820499777793884
0.43578338623046875
0.4082179367542267
0.35963571071624756
0.20547783374786377
0.5052090287208557
0.22463089227676392
0.22493523359298706
0.294811874628067
0.4950845241546631
0.4179106652736664
0.3317881226539612
0.582798182964325
0.4823194444179535
0.3894297778606415
0.47387221455574036
0.4602505564689636
0.4903062582015991
0.42186349630355835
0.41363397240638733
0.2544977366924286
0.4892433285713196
0.5271157622337341
0.3874671459197998
0.5196275115013123
0.38622328639030457
0.42968448996543884
0.2636232078075409
0.42708665132522583
0.47693583369255066
0.40314579010009766
0.4193738102912903
0.4639695882797241
0.4576449692249298
0.5093895196914673
0.5603709816932678
0.2852683365345001
0.3373246192932129
0.4924670457839966
0.39792874455451965
0.30453628301620483
0.304534912109375
0.2967211902141571
0.5408895611763
0.5046836733818054
0.2292027324438095
0.4018373191356659
0.29783907532691956
0.4696109890937805
0.43703964352607727
0.4080241322517395
0.4904058277606964
0.38080283999443054
0.4566647708415985
0.4477694630622864
0.3810782730579376
0.4351460635662079
0.2299337536096573
0.19158419966697693
0.4007100462913513
0.23164980113506317
0.28073787689208984
0.4968830347061157
0.47845327854156494
0.18668051064014435
0.5296797156333923
0.217850923538208
0.42115917801856995
0.5235370397567749
0.24819740653038025
0.5428277850151062
0.5242213010787964
0.47825369238853455
0.20900467038154602
0.5035364031791687
0.4770601987838745
0.28122663497924805
0.4792797863483429
0.21453353762626648
0.4576558470726013
0.4254460632801056
0.20898212492465973
0.49870768189430237
0.45040780305862427
0.22354382276535034
0.4059085547924042
0.1864469200372696
0.5037375688552856
0.4939827620983124
0.2682410180568695
0.3992904722690582
0.24968457221984863
0.506563127040863
0.27949759364128113
0.38454878330230713
0.40871208906173706
0.21892939507961273
0.3927086889743805
0.5202546119689941
0.47122034430503845
0.45847487449645996
0.523549497127533
0.4740099012851715
0.2569291293621063
0.5338757634162903
0.49938955903053284
0.4785209000110626
0.2392030656337738
0.4981887936592102
0.40572670102119446
0.43758320808410645
0.4091015160083771
0.25515711307525635
0.1933400183916092
0.46817219257354736
0.5376315712928772
0.27318358421325684
0.4351239502429962
0.4848864674568176
0.499819278717041
0.3116176724433899
0.2434089332818985
0.4594268798828125
0.2322903424501419
0.4464927017688751
0.5366604924201965
0.1946905255317688
0.28305938839912415
0.24616050720214844
0.226634219288826
0.21957314014434814
0.21624065935611725
0.4660843312740326
0.2831954061985016
0.4590032398700714
0.2121620625257492
0.5021823644638062
0.40998440980911255
0.4565868675708771
0.4686241149902344
0.48220616579055786
0.48958054184913635
0.494676411151886
0.4187328517436981
0.42820265889167786
0.4481668174266815
0.22291801869869232
0.20729701220989227
0.4363371729850769
0.23885637521743774
0.41335582733154297
0.4362788796424866
0.45637330412864685
0.43724051117897034
0.39422211050987244
0.3956244885921478
0.27080050110816956
0.2743069529533386
0.5755831599235535
0.20214909315109253
0.3075961470603943
0.3987243175506592
0.2491370588541031
0.4266591966152191
0.23707792162895203
0.4842486083507538
0.4741060435771942
0.3641197681427002
0.20561189949512482
0.3638507127761841
0.21319319307804108
0.535625696182251
0.29916515946388245
0.47940337657928467
0.4047683775424957
0.3945644497871399
0.48906245827674866
0.21838167309761047
0.2455066442489624
0.5439713001251221
0.4688071310520172
0.2505073547363281
0.3091283142566681
0.5775692462921143
0.2217780351638794
0.20408405363559723
0.3964303433895111
0.25608453154563904
0.524559736251831
0.5905800461769104
0.2529764175415039
0.18478094041347504
0.45871037244796753
0.26300638914108276
0.5543796420097351
0.2349620759487152
0.2717236578464508
0.2950334846973419
0.43736109137535095
0.4525187313556671
0.44750961661338806
0.395870566368103
0.5336206555366516
0.5252071619033813
0.4251481294631958
0.41905513405799866
0.3274635672569275
0.26521098613739014
0.4210922122001648
0.46136415004730225
0.4172225296497345
0.480111300945282
0.5648177862167358
0.2656081020832062
0.41226083040237427
0.21853266656398773
0.5048213601112366
0.4613741636276245
0.5533882975578308
0.4254676401615143
0.42616787552833557
0.46823766827583313
0.42012014985084534
0.4715828001499176
0.4717642664909363
0.42216458916664124
0.43702566623687744
0.41911399364471436
0.32194194197654724
0.41436827182769775
0.26035505533218384
0.4762428402900696
0.23621322214603424
0.2432219386100769
0.37758615612983704
0.47505563497543335
0.1793685406446457
0.44765228033065796
0.5493353009223938
0.24271731078624725
0.46262216567993164
0.42003849148750305
0.2865664064884186
0.4035130739212036
0.2619253396987915
0.5079173445701599
0.45870545506477356
0.4596383273601532
0.18364571034908295
0.21599769592285156
0.4372142553329468
0.21729151904582977
0.4814969301223755
0.4325375258922577
0.5041543841362
0.2642108201980591
0.47537708282470703
0.39794114232063293
0.20317381620407104
0.41263869404792786
0.3327363431453705
0.24593062698841095
0.41892775893211365
0.48411574959754944
0.45452505350112915
0.46651414036750793
0.47064128518104553
0.4588809311389923
0.4320434033870697
0.5037474632263184
0.47187379002571106
0.2742462456226349
0.24513457715511322
0.41763824224472046
0.5238659977912903
0.4831393361091614
0.24985679984092712
0.4404543936252594
0.49953919649124146
0.28050950169563293
0.2019016593694687
0.2885923683643341
0.5189892053604126
0.4042194187641144
0.38374581933021545
0.47107186913490295
0.40485426783561707
0.45491403341293335
0.2660602033138275
0.4504627585411072
0.4416477084159851
0.4656972885131836
0.5021170377731323
0.4744506776332855
0.40453365445137024
0.4351212680339813
0.4586738049983978
0.2305259257555008
0.22535191476345062
0.47099125385284424
0.23528411984443665
0.46171411871910095
0.46209466457366943
0.18683262169361115
0.18835021555423737
0.2548820376396179
0.26530900597572327
0.4160695970058441
0.4358912706375122
0.26075881719589233
0.2302403301000595
0.2294570356607437
0.24328365921974182
0.4090026617050171
0.5064940452575684
0.49682241678237915
0.26565372943878174
0.4070941209793091
0.38687482476234436
0.44021788239479065
0.3258932828903198
0.5394500494003296
0.20391713082790375
0.3901826739311218
0.5527832508087158
0.5306536555290222
0.5058926343917847
0.42584970593452454
0.44864386320114136
0.47407934069633484
0.39779889583587646
0.41275933384895325
0.26776936650276184
0.44486328959465027
0.4007624685764313
0.4196587800979614
0.4761084020137787
0.2307540625333786
0.21565330028533936
0.2712102234363556
0.42454931139945984
0.46378210186958313
0.4161541163921356
0.3814013600349426
0.19896961748600006
0.22723625600337982
0.4291265904903412
0.4836069345474243
0.20762139558792114
0.45196232199668884
0.4515126645565033
0.17988859117031097
0.4778439402580261
0.41294020414352417
0.43153056502342224
0.21095670759677887
0.47938668727874756
0.2309076488018036
0.5076112151145935
0.4099346995353699
0.18272699415683746
0.4660717248916626
0.24990369379520416
0.47080230712890625
0.47993144392967224
0.3701350688934326
0.4829399585723877
0.18808741867542267
0.4713835120201111
0.3759845793247223
0.6547238826751709
0.26535195112228394
0.48424896597862244
0.47577789425849915
0.2573474645614624
0.4991301894187927
0.4421824514865875
0.5149187445640564
0.431648850440979
0.4488789737224579
0.1694958508014679
0.21382591128349304
0.43762415647506714
0.41087856888771057
0.5041140913963318
0.5301072597503662
0.4622576832771301
0.28108474612236023
0.39646583795547485
0.3910641372203827
0.5119525194168091
0.4795878231525421
0.2854694128036499
0.49650928378105164
0.21053384244441986
0.378632515668869
0.43183404207229614
0.45139098167419434
0.5536573529243469
0.25830191373825073
0.46981608867645264
0.43705591559410095
0.4391542673110962
0.43640604615211487
0.17883947491645813
0.45722681283950806
0.4305240511894226
0.2138679474592209
0.3741305470466614
0.5150859355926514
0.1803135871887207
0.24666300415992737
0.4210811257362366
0.23705756664276123
0.40781688690185547
0.4958516061306
0.463968962430954
0.42060914635658264
0.4678620398044586
0.23379124701023102
0.2529309391975403
0.2219751477241516
0.5089642405509949
0.22007453441619873
0.47021859884262085
0.4670884311199188
0.2203254997730255
0.22718627750873566
0.4118730425834656
0.3915698826313019
0.25631555914878845
0.4693838357925415
0.21392473578453064
0.20622104406356812
0.24006915092468262
0.49085932970046997
0.40384548902511597
0.42969486117362976
0.20499259233474731
0.4733809530735016
0.2552635073661804
0.3933083415031433
0.5933598875999451
0.39646968245506287
0.22867120802402496
0.5266259908676147
0.4444696605205536
0.4210972189903259
0.4121071994304657
0.3970334827899933
0.462129145860672
0.4932098388671875
0.25176501274108887
0.5143360495567322
0.5058566331863403
0.5520976781845093
0.48752954602241516
0.4729699194431305
0.3865272104740143
0.21708251535892487
0.4050319790840149
0.4053860604763031
0.5144970417022705
0.2576291263103485
0.21183769404888153
0.3370893895626068
0.27791813015937805
0.19276247918605804
0.4144133925437927
0.2220335155725479
0.3933212459087372
0.29551810026168823
0.4680194556713104
0.4674508273601532
0.42663809657096863
0.27713456749916077
0.5228347778320312
0.496390700340271
0.20176102221012115
0.4468478262424469
0.46961572766304016
0.24860519170761108
0.4587383568286896
0.4318283498287201
0.4398793578147888
0.3948877155780792
0.3118620216846466
0.23728756606578827
0.18281781673431396
0.48016661405563354
0.5533051490783691
0.40531817078590393
0.21142607927322388
0.5246171355247498
0.3169262111186981
0.5252099633216858
0.3230476379394531
0.42172300815582275
0.48010390996932983
0.4983159899711609
0.5355767607688904
0.4894769787788391
0.5302613377571106
0.5094179511070251
0.2969907522201538
0.5011630654335022
0.22600072622299194
0.5449097752571106
0.4614461362361908
0.22404342889785767
0.4588128626346588
0.24926528334617615
0.5921722650527954
0.22678695619106293
0.41983139514923096
0.28444093465805054
0.2953327000141144
0.5771278738975525
0.501230001449585
0.5062874555587769
0.4606722891330719
0.4392174780368805
0.4212169647216797
0.2616492509841919
0.5348044037818909
0.46728911995887756
0.4283287525177002
0.3905441462993622
0.26752325892448425
0.4463808834552765
0.4874502122402191
0.22306272387504578
0.4342186450958252
0.22515800595283508
0.24374446272850037
0.3584839403629303
0.3989003598690033
0.31235650181770325
0.5579136610031128
0.5335177183151245
0.4320453405380249
0.465811163187027
0.5091829299926758
0.5774451494216919
0.5198381543159485
0.2996111810207367
0.472258597612381
0.4280688464641571
0.4970133900642395
0.198310986161232
0.6280228495597839
0.47641992568969727
0.41629186272621155
0.3413181006908417
0.4408392310142517
0.36791253089904785
0.4686968922615051
0.29575058817863464
0.42794686555862427
0.4154646098613739
0.47264957427978516
0.45145344734191895
0.42272281646728516
0.35923755168914795
0.29648473858833313
0.4333271384239197
0.2281978279352188
0.21617113053798676
0.24435004591941833
0.48408645391464233
0.39336472749710083
0.48180755972862244
0.19927822053432465
0.2789320945739746
0.4418482482433319
0.26263636350631714
0.5593048334121704
0.4737759530544281
0.40919429063796997
0.4670983850955963
0.3960690200328827
0.4357821047306061
0.4936211109161377
0.6346204876899719
0.22970552742481232
0.4282674789428711
0.4742613732814789
0.29537174105644226
0.33296364545822144
0.610766589641571
0.2733357846736908
0.4384253919124603
0.5355892181396484
0.38564661145210266
0.37902823090553284
0.3436856269836426
0.17527122795581818
0.27573466300964355
0.2909459173679352
0.28450924158096313
0.4181306064128876
0.5027334094047546
0.5718175172805786
0.5565406680107117
0.23574493825435638
0.44154593348503113
0.4148184657096863
0.2226639837026596
0.5063927173614502
0.456163227558136
0.49566376209259033
0.453682005405426
0.5060808062553406
0.5962907075881958
0.21288400888442993
0.265701562166214
0.3907797634601593
0.5069233179092407
0.43780264258384705
0.4073409140110016
0.42674657702445984
0.4307616055011749
0.4407615065574646
0.2679813504219055
0.44253620505332947
0.22922497987747192
0.46278834342956543
0.4887954294681549
0.4605238735675812
0.22485381364822388
0.4000241458415985
0.39138734340667725
0.45566171407699585
0.4051491320133209
0.430215448141098
0.2503517270088196
0.42168521881103516
0.22304463386535645
0.23295916616916656
0.4402305483818054
0.2353164702653885
0.22566090524196625
0.2657415270805359
0.16333824396133423
0.45671528577804565
0.465053915977478
0.4538706839084625
0.2054978311061859
0.4860350489616394
0.4195483326911926
0.3682118356227875
0.4577297568321228
0.40427365899086
0.43930166959762573
0.3836696743965149
0.23444727063179016
0.4024979770183563
0.40704843401908875
0.4522826671600342
0.28841331601142883
0.4343775808811188
0.47678807377815247
0.4598155617713928
0.4259475767612457
0.46689748764038086
0.24965772032737732
0.4388827979564667
0.23645329475402832
0.463128924369812
0.22494283318519592
0.46172231435775757
0.3950578272342682
0.4049208164215088
0.24876947700977325
0.4101145565509796
0.30448049306869507
0.416363924741745
0.47801268100738525
0.3020413815975189
0.40155524015426636
0.4525640308856964
0.18666677176952362
0.2527744174003601
0.4330974817276001
0.4733746349811554
0.2048792541027069
0.26391997933387756
0.4243810176849365
0.42140433192253113
0.27075549960136414
0.42794036865234375
0.45083415508270264
0.28113311529159546
0.2555831968784332
0.2292451709508896
0.46724414825439453
0.547095000743866
0.2845703363418579
0.5732851624488831
0.44739410281181335
0.49084365367889404
0.37236639857292175
0.4812335669994354
0.43018800020217896
0.4198471009731293
0.22094601392745972
0.4328765273094177
0.23719792068004608
0.40711894631385803
0.46405893564224243
0.15777991712093353
0.4051251709461212
0.20896194875240326
0.4337718188762665
0.40604209899902344
0.41953524947166443
0.19272132217884064
0.4095931649208069
0.45275211334228516
0.22693021595478058
0.2574106752872467
0.42743244767189026
0.43054255843162537
0.4265681505203247
0.41470590233802795
0.467427521944046
0.26288941502571106
0.41377952694892883
0.5035574436187744
0.44654422998428345
0.4191872775554657
0.49577784538269043
0.1360967755317688
0.41652393341064453
0.19617484509944916
0.3133329153060913
0.1810786873102188
0.5210652947425842
0.3985804319381714
0.296538382768631
0.47676461935043335
0.4203908145427704
0.3925239145755768
0.3972197473049164
0.19788271188735962
0.3737577497959137
0.4163902699947357
0.2635672390460968
0.24280878901481628
0.4693082273006439
0.2102697342634201
0.42097437381744385
0.20285658538341522
0.38572168350219727
0.38306543231010437
0.3682609498500824
0.45304983854293823
0.27289503812789917
0.22701396048069
0.4181021451950073
0.1645536869764328
0.45434290170669556
0.38786688446998596
0.4506132900714874
0.14151501655578613
0.41583052277565
0.41007182002067566
0.5272693634033203
0.1664796620607376
0.4311341941356659
0.4186069965362549
0.5243458151817322
0.18847130239009857
0.41320985555648804
0.18354929983615875
0.22722811996936798
0.22588776051998138
0.38331684470176697
0.48711034655570984
0.2350015491247177
0.45316264033317566
0.45481929183006287
0.47627121210098267
0.2649805247783661
0.2428879737854004
0.4383990466594696
0.18837673962116241
0.21333689987659454
0.48000726103782654
0.24417632818222046
0.3001224398612976
0.2093908190727234
0.5009375810623169
0.48262089490890503
0.4511309862136841
0.4561809301376343
0.42524397373199463
0.18353210389614105
0.5977270603179932
0.5187698602676392
0.20629818737506866
0.2224426567554474
0.44493159651756287
0.4715612232685089
0.41379550099372864
0.4037478268146515
0.41644787788391113
0.5040321946144104
0.39038437604904175
0.40115419030189514
0.4675070643424988
0.245785653591156
0.501867949962616
0.5062947273254395
0.40327244997024536
0.3904648423194885
0.3991248309612274
0.4330996572971344
0.450888454914093
0.444709837436676
0.40961703658103943
0.446565181016922
0.19421033561229706
0.3951016068458557
0.4856642186641693
0.22237694263458252
0.22188816964626312
0.4599694311618805
0.18292653560638428
0.24719370901584625
0.41132619976997375
0.5095233917236328
0.18244121968746185
0.4008285701274872
0.1532069891691208
0.5302056670188904
0.18495520949363708
0.43210846185684204
0.2344834953546524
0.4697972536087036
0.4457741677761078
0.18953165411949158
0.5612001419067383
0.2362087517976761
0.41064634919166565
0.23209689557552338
0.4342384934425354
0.41946646571159363
0.21652527153491974
0.42846739292144775
0.2249464988708496
0.39291760325431824
0.45175179839134216
0.4664624035358429
0.17295372486114502
0.4705345630645752
0.5340645909309387
0.4301229417324066
0.1500612050294876
0.15816950798034668
0.39068499207496643
0.2104485183954239
0.4035603106021881
0.3867209255695343
0.17465046048164368
0.46964359283447266
0.4066772758960724
0.5274515151977539
0.40318551659584045
0.13580186665058136
0.20873311161994934
0.18534374237060547
0.40566107630729675
0.4424392580986023
0.3181210160255432
0.41719138622283936
0.40463605523109436
0.2793075144290924
0.2650452256202698
0.23615725338459015
0.4861884117126465
0.4075998067855835
0.239206925034523
0.46671921014785767
0.4298921227455139
0.2147875428199768
0.45255929231643677
0.24773231148719788
0.5190436244010925
0.4733711779117584
0.22145181894302368
0.42096155881881714
0.46909886598587036
0.23300699889659882
0.4058375358581543
0.2449202537536621
0.26249971985816956
0.43258291482925415
0.4518619775772095
0.22938354313373566
0.5418897271156311
0.315047949552536
0.43222543597221375
0.4202146828174591
0.42470595240592957
0.2735309302806854
0.4418027102947235
0.4865786135196686
0.554275393486023
0.6019625067710876
0.2514622211456299
0.507687509059906
0.42366766929626465
0.21885713934898376
0.4234061539173126
0.4470887780189514
0.4573321044445038
0.49098703265190125
0.2440512329339981
0.19873298704624176
0.45479726791381836
0.4514358639717102
0.501158595085144
0.4287510812282562
0.4108330011367798
0.3866078555583954
0.1636054664850235
0.43489664793014526
0.4341353476047516
0.5085092782974243
0.18009130656719208
0.2858662009239197
0.4262669086456299
0.25770702958106995
0.17573025822639465
0.23223617672920227
0.44670340418815613
0.4218060374259949
0.4352588951587677
0.7092686891555786
0.6166548728942871
0.2033074051141739
0.22002507746219635
0.5376302003860474
0.24162375926971436
0.3135240972042084
0.42474234104156494
0.1804356724023819
0.4147997796535492
0.3862609267234802
0.5172550678253174
0.4326607286930084
0.16203103959560394
0.3414973318576813
0.39392727613449097
0.40534859895706177
0.4029162526130676
0.4890780746936798
0.24235837161540985
0.3983405828475952
0.22316017746925354
0.3956879675388336
0.18088486790657043
0.4008561074733734
0.1999526023864746
0.48335063457489014
0.5635203719139099
0.4340299069881439
0.3824738562107086
0.191936656832695
0.27475619316101074
0.22049036622047424
0.2592734396457672
0.45866718888282776
0.3845180869102478
0.47703811526298523
0.2744008004665375
0.40786975622177124
0.21301744878292084
0.14848953485488892
0.45946115255355835
0.5502827167510986
0.44178304076194763
0.25810298323631287
0.17490947246551514
0.4205509126186371
0.2560272216796875
0.45890045166015625
0.24477997422218323
0.47073760628700256
0.5182666778564453
0.450499027967453
0.4148206114768982
0.37515395879745483
0.3622615337371826
0.42957693338394165
0.22104015946388245
0.3989410698413849
0.49054744839668274
0.44236430525779724
0.2308887541294098
0.22410553693771362
0.20791028439998627
0.42501285672187805
0.4574284255504608
0.28605809807777405
0.46620407700538635
0.4411754906177521
0.39050811529159546
0.18987098336219788
0.5037511587142944
0.24456802010536194
0.2824065089225769
0.46084919571876526
0.4215909540653229
0.4835427403450012
0.434855192899704
0.4830045700073242
0.4948868453502655
0.2417622059583664
0.5487386584281921
0.42484477162361145
0.21594449877738953
0.4279468357563019
0.21480146050453186
0.2010728418827057
0.23919016122817993
0.4175260663032532
0.4520679712295532
0.2345239222049713
0.42878463864326477
0.20966880023479462
0.4014623165130615
0.2821947932243347
0.20207852125167847
0.43669265508651733
0.45675745606422424
0.40000107884407043
0.3848012685775757
0.42031019926071167
0.18443451821804047
0.46059468388557434
0.40592554211616516
0.4241495132446289
0.443276584148407
0.4388176500797272
0.1946893185377121
0.4095141589641571
0.40897059440612793
0.20979787409305573
0.4236926734447479
0.4929535984992981
0.20915018022060394
0.1708177775144577
0.22151486575603485
0.18526263535022736
0.5426944494247437
0.4151691198348999
0.4393957555294037
0.4724315404891968
0.39568015933036804
0.4366281032562256
0.41648197174072266
0.47195637226104736
0.42814549803733826
0.23042163252830505
0.4440764784812927
0.4474782347679138
0.47772014141082764
0.4458499252796173
0.506829559803009
0.21740414202213287
0.17541727423667908
0.384774386882782
0.48238322138786316
0.22536379098892212
0.21578964591026306
0.4477669298648834
0.31391048431396484
0.4830484092235565
0.47263026237487793
0.3697582483291626
0.4596608877182007
0.3888697922229767
0.19610187411308289
0.22823424637317657
0.3967123031616211
0.4376160800457001
0.21741442382335663
0.47848236560821533
0.2682766616344452
0.4531265199184418
0.20590463280677795
0.2139461785554886
0.4716971814632416
0.4587520956993103
0.4156872630119324
0.17305034399032593
0.414254754781723
0.18546685576438904
0.47946226596832275
0.4553481936454773
0.4327255189418793
0.27235355973243713
0.40460076928138733
0.42157790064811707
0.39791420102119446
0.2936120629310608
0.4235605001449585
0.40485966205596924
0.4585212767124176
0.43539509177207947
0.40246105194091797
0.44028380513191223
0.4535105526447296
0.4889167249202728
0.18135493993759155
0.46328309178352356
0.4199298024177551
0.3553186357021332
0.23001714050769806
0.4409352242946625
0.40083879232406616
0.45149821043014526
0.17025281488895416
0.41132575273513794
0.2156486064195633
0.4253849387168884
0.4900778830051422
0.4871654808521271
0.41806116700172424
0.3926124572753906
0.22572804987430573
0.45103758573532104
0.4177374839782715
0.46031996607780457
0.426957905292511
0.23551902174949646
0.45130524039268494
0.3795778155326843
0.15659840404987335
0.21001945436000824
0.4608986973762512
0.20367145538330078
0.2226601392030716
0.46620070934295654
0.23596768081188202
0.4234510362148285
0.4118293523788452
0.37583228945732117
0.4407036304473877
0.46111565828323364
0.20902177691459656
0.38805079460144043
0.2079940140247345
0.44926682114601135
0.4636346995830536
0.42827555537223816
0.3250044584274292
0.432747483253479
0.19243164360523224
0.4949284791946411
0.4701712429523468
0.4523841440677643
0.24225929379463196
0.5123302936553955
0.467003732919693
0.5177911520004272
0.424723744392395
0.30428048968315125
0.21170377731323242
0.45328155159950256
0.21513229608535767
0.4387427270412445
0.20058631896972656
0.4850872755050659
0.44549086689949036
0.4494419991970062
0.3976420760154724
0.42706170678138733
0.39591482281684875
0.42254531383514404
0.43267756700515747
0.43717339634895325
0.48056671023368835
0.4584016501903534
0.1546430140733719
0.19318285584449768
0.41914892196655273
0.457916259765625
0.4073655903339386
0.16934294998645782
0.22764210402965546
0.48874425888061523
0.20550446212291718
0.40267786383628845
0.16095174849033356
0.20982494950294495
0.501390278339386
0.4271327257156372
0.44630563259124756
0.3857898712158203
0.41297611594200134
0.30669116973876953
0.4030778110027313
0.4629535973072052
0.2511698007583618
0.45308563113212585
0.19700205326080322
0.19410178065299988
0.2793940305709839
0.38506197929382324
0.5014577507972717
0.4626540243625641
0.40929365158081055
0.21674469113349915
0.18979674577713013
0.4120558798313141
0.2635625898838043
0.2139536738395691
0.5122787356376648
0.4931736886501312
0.36127883195877075
0.4818066358566284
0.4359251856803894
0.2120334655046463
0.23412160575389862
0.44299885630607605
0.42615798115730286
0.4951617419719696
0.39431095123291016
0.46130722761154175
0.4434163272380829
0.1981562227010727
0.26792606711387634
0.480047345161438
0.45353826880455017
0.2509593963623047
0.37945008277893066
0.5260009765625
0.4924142062664032
0.20212702453136444
0.4049322307109833
0.41896212100982666
0.2585102617740631
0.39838436245918274
0.48661622405052185
0.40660426020622253
0.22232703864574432
0.40948426723480225
0.42915186285972595
0.36318469047546387
0.2927279472351074
0.16584669053554535
0.42252999544143677
0.16770896315574646
0.5419206023216248
0.5220789313316345
0.46995431184768677
0.4189900755882263
0.20918355882167816
0.4747105836868286
0.4198298454284668
0.4334034323692322
0.5057522654533386
0.40989428758621216
0.29664090275764465
0.4429413378238678
0.4606691896915436
0.5229724049568176
0.3302552402019501
0.37059807777404785
0.3901548981666565
0.2276582270860672
0.38771796226501465
0.48585814237594604
0.2227252721786499
0.4121369421482086
0.35864371061325073
0.2161812037229538
0.4331693649291992
0.49752864241600037
0.1734011322259903
0.15183816850185394
0.5027062892913818
0.4405533969402313
0.46011728048324585
0.4379933774471283
0.12584516406059265
0.3811195492744446
0.415010541677475
0.39028891921043396
0.395241916179657
0.1984228938817978
0.23282188177108765
0.16834545135498047
0.19496940076351166
0.1586039513349533
0.4080570638179779
0.3924051523208618
0.20626422762870789
0.40214550495147705
0.19033180177211761
0.1982669234275818
0.36784517765045166
0.49004602432250977
0.5701266527175903
0.4531833827495575
0.5004866719245911
0.42928653955459595
0.473451167345047
0.3857145607471466
0.24347302317619324
0.43125447630882263
0.4452298879623413
0.2311592847108841
0.45322009921073914
0.462642103433609
0.21944312751293182
0.4563957750797272
0.15921588242053986
0.40299540758132935
0.394644170999527
0.26531365513801575
0.42419949173927307
0.5223362445831299
0.43221715092658997
0.17017295956611633
0.4061180055141449
0.47771692276000977
0.22635988891124725
0.1856091171503067
0.3838101923465729
0.3707883656024933
0.4062938392162323
0.4569702744483948
0.15534700453281403
0.47977182269096375
0.418687641620636
0.4459232985973358
0.42611828446388245
0.1692967265844345
0.3805104196071625
0.16555632650852203
0.2314632683992386
0.49866563081741333
0.19134245812892914
0.19466963410377502
0.39681941270828247
0.19627512991428375
0.4258115291595459
0.1715247482061386
0.23062677681446075
0.4958270192146301
0.39871907234191895
0.4480128586292267
0.4127655327320099
0.5007510185241699
0.2536325454711914
0.42786905169487
0.3779301345348358
0.49890458583831787
0.43329712748527527
0.4699624180793762
0.4442598521709442
0.4099010229110718
0.1953827142715454
0.39065679907798767
0.20392568409442902
0.25982075929641724
0.46159133315086365
0.44481831789016724
0.2511594295501709
0.4448363184928894
0.4457550644874573
0.43009820580482483
0.3791731595993042
0.4233662784099579
0.41162949800491333
0.49900925159454346
0.2924038767814636
0.2594960927963257
0.428832083940506
0.20272310078144073
0.1469714343547821
0.21935462951660156
0.44804322719573975
0.47356098890304565
0.4777175784111023
0.40622228384017944
0.2121758759021759
0.24036525189876556
0.44897907972335815
0.250259667634964
0.1900545209646225
0.4397394359111786
0.21652469038963318
0.5154718160629272
0.40408387780189514
0.1694450080394745
0.40090176463127136
0.5707408785820007
0.3733261227607727
0.44385600090026855
0.4073495864868164
0.21804051101207733
0.5148735046386719
0.25307613611221313
0.3435456156730652
0.45252206921577454
0.5345039963722229
0.4816899001598358
0.18087783455848694
0.4932382106781006
0.4955448806285858
0.19878625869750977
0.21114853024482727
0.44561564922332764
0.2595152258872986
0.5088647603988647
0.48908787965774536
0.23565608263015747
0.42475101351737976
0.4466964602470398
0.18539060652256012
0.38262149691581726
0.20447701215744019
0.47280511260032654
0.17739707231521606
0.43686166405677795
0.4474973678588867
0.44515466690063477
0.4498668313026428
0.4612220823764801
0.4411064088344574
0.40645018219947815
0.4476418197154999
0.4180295467376709
0.45481663942337036
0.6205521821975708
0.3971714973449707
0.43407294154167175
0.3777245581150055
0.5116509199142456
0.48891475796699524
0.43359050154685974
0.3649550676345825
0.42564061284065247
0.21767115592956543
0.4105214476585388
0.4447329640388489
0.42825058102607727
0.4830690026283264
0.2872603237628937
0.5512439012527466
0.4511812925338745
0.46287018060684204
0.4336634874343872
0.47799789905548096
0.2776815891265869
0.46470484137535095
0.2202644646167755
0.36540552973747253
0.4726974368095398
0.4524099826812744
0.4074512720108032
0.5217800140380859
0.5380593538284302
0.2493269294500351
0.4474102854728699
0.2077394425868988
0.4846068322658539
0.4559585452079773
0.4343792796134949
0.20173130929470062
0.4377105236053467
0.5145256519317627
0.2502032220363617
0.2921944856643677
0.42621394991874695
0.20216433703899384
0.4425450265407562
0.43345484137535095
0.2501915693283081
0.2467866986989975
0.39121127128601074
0.5004202723503113
0.4381664991378784
0.5272064208984375
0.4773368835449219
0.3743237257003784
0.2381162792444229
0.41849812865257263
0.25380319356918335
0.4276171922683716
0.37844133377075195
0.39642369747161865
0.4327331483364105
0.40763697028160095
0.18299511075019836
0.1968759298324585
0.39919134974479675
0.2445022016763687
0.39419588446617126
0.3774705231189728
0.38750308752059937
0.4519292116165161
0.38807347416877747
0.1332213133573532
0.3543533980846405
0.22156275808811188
0.4382486045360565
0.4225195348262787
0.16190704703330994
0.21137328445911407
0.16580413281917572
0.4421202540397644
0.37523919343948364
0.5258857011795044
0.19335977733135223
0.15982714295387268
0.3733077347278595
0.22241398692131042
0.4398110508918762
0.44887787103652954
0.41871413588523865
0.15653304755687714
0.4264475405216217
0.35245415568351746
0.38938069343566895
0.2554989159107208
0.39708730578422546
0.1822883039712906
0.3714139461517334
0.39943966269493103
0.38931745290756226
0.2469925880432129
0.3909916877746582
0.41593530774116516
0.503462553024292
0.17903736233711243
0.4128998816013336
0.39759698510169983
0.4282931983470917
0.3938310146331787
0.4357649087905884
0.2152651697397232
0.36856088042259216
0.24495632946491241
0.39626628160476685
0.4301874339580536
0.161331444978714
0.46842876076698303
0.45023682713508606
0.3782992660999298
0.3656482994556427
0.21765799820423126
0.4939146339893341
0.500460684299469
0.4153078496456146
0.45788300037384033
0.5606250166893005
0.4613669812679291
0.37630248069763184
0.20511750876903534
0.5188416838645935
0.4050063490867615
0.4481387734413147
0.3511451780796051
0.4287169277667999
0.23999455571174622
0.41135695576667786
0.28145986795425415
0.1966223120689392
0.4220852851867676
0.3996325433254242
0.23718571662902832
0.415524423122406
0.43958547711372375
0.4618847072124481
0.45822012424468994
0.39018964767456055
0.2594033181667328
0.3805978000164032
0.4012176990509033
0.4783683717250824
0.44279175996780396
0.26548823714256287
0.37695828080177307
0.22063039243221283
0.38761699199676514
0.5072526335716248
0.5266097784042358
0.17760063707828522
0.381050169467926
0.4223591387271881
0.4237973093986511
0.23435574769973755
0.2275058478116989
0.20116353034973145
0.43009912967681885
0.4277934730052948
0.16754050552845
0.5153847336769104
0.4827826917171478
0.4140779376029968
0.3816875219345093
0.23435012996196747
0.18823128938674927
0.48014700412750244
0.1387702226638794
0.15162137150764465
0.4206489324569702
0.3966858983039856
0.38667529821395874
0.3832308351993561
0.3765941262245178
0.22974543273448944
0.20497159659862518
0.3925509750843048
0.42964494228363037
0.38480013608932495
0.4568297863006592
0.42913126945495605
0.1798555552959442
0.5356047749519348
0.5418761372566223
0.4432806372642517
0.41285720467567444
0.48987865447998047
0.16341400146484375
0.37411174178123474
0.15525418519973755
0.19010627269744873
0.4485151171684265
0.4580419957637787
0.24207450449466705
0.38950687646865845
0.17148099839687347
0.43564432859420776
0.40397897362709045
0.369162380695343
0.2877980172634125
0.40509164333343506
0.14798575639724731
0.3508152365684509
0.20643191039562225
0.21569854021072388
0.3967730700969696
0.49462205171585083
0.4247549772262573
0.37837207317352295
0.467246413230896
0.47029903531074524
0.2599197328090668
0.42713266611099243
0.5523746013641357
0.430886834859848
0.1769736409187317
0.42387261986732483
0.493598997592926
0.43100470304489136
0.4744721055030823
0.40797266364097595
0.18364010751247406
0.4702666699886322
0.3899698555469513
0.37767907977104187
0.4006997346878052
0.21282845735549927
0.4764799475669861
0.3663651645183563
0.4386480152606964
0.48258116841316223
0.4589917063713074
0.25091689825057983
0.4037967026233673
0.42783650755882263
0.4639696776866913
0.4247890114784241
0.37603360414505005
0.2223602831363678
0.41329365968704224
0.4961964786052704
0.43799635767936707
0.2405151128768921
0.4076576828956604
0.4529549181461334
0.5256443023681641
0.46279239654541016
0.38610023260116577
0.2056337296962738
0.42016395926475525
0.5039979815483093
0.4074562191963196
0.3923264443874359
0.2207668274641037
0.41875511407852173
0.202739417552948
0.45441934466362
0.3978661894798279
0.4160975515842438
0.18510323762893677
0.41844165325164795
0.4234178066253662
0.4179348945617676
0.3655414581298828
0.17801226675510406
0.4030263125896454
0.4210694134235382
0.1814691126346588
0.427251935005188
0.2488279789686203
0.1946047842502594
0.23614685237407684
0.13647021353244781
0.40185433626174927
0.4654574990272522
0.42456281185150146
0.41314688324928284
0.20265568792819977
0.1267528086900711
0.45723363757133484
0.4157472848892212
0.1710999608039856
0.4452762305736542
0.471554160118103
0.18670478463172913
0.23490208387374878
0.292776495218277
0.5026688575744629
0.4346312880516052
0.3921806216239929
0.46886730194091797
0.46567943692207336
0.40192103385925293
0.38837525248527527
0.43895772099494934
0.44950342178344727
0.1903231143951416
0.40242812037467957
0.1766851842403412
0.263313889503479
0.45586249232292175
0.21412155032157898
0.44924697279930115
0.2600865066051483
0.20099212229251862
0.4267409145832062
0.18962807953357697
0.42901554703712463
0.3768353760242462
0.5102039575576782
0.2265775352716446
0.5218138694763184
0.1845836192369461
0.17800594866275787
0.37246522307395935
0.4753274917602539
0.46277734637260437
0.21464915573596954
0.1917753368616104
0.18025116622447968
0.48988577723503113
0.4734038710594177
0.4084720015525818
0.4062391221523285
0.4108584523200989
0.20140311121940613
0.5892276167869568
0.37426331639289856
0.38831794261932373
0.15314245223999023
0.5885047912597656
0.44429871439933777
0.294778048992157
0.45231756567955017
0.4472859799861908
0.37379705905914307
0.44372111558914185
0.44623881578445435
0.42184364795684814
0.2878058850765228
0.17106997966766357
0.506546139717102
0.25186774134635925
0.500152051448822
0.3892905116081238
0.4444454312324524
0.4072669446468353
0.45014718174934387
0.43044230341911316
0.3970036804676056
0.4617524743080139
0.4389874339103699
0.2668752670288086
0.3962717354297638
0.24960194528102875
0.4070919454097748
0.49295222759246826
0.39061522483825684
0.48053035140037537
0.22605738043785095
0.45590266585350037
0.4314557909965515
0.5272286534309387
0.3846099376678467
0.43841516971588135
0.20725733041763306
0.3994932770729065
0.4597713351249695
0.4031835198402405
0.19813533127307892
0.3764413893222809
0.4254952371120453
0.17207202315330505
0.17440828680992126
0.21689030528068542
0.42246344685554504
0.37661606073379517
0.1397453248500824
0.43941038846969604
0.4649764597415924
0.4241192042827606
0.3698556423187256
0.18839992582798004
0.48364317417144775
0.4244559109210968
0.19395990669727325
0.18056873977184296
0.24448809027671814
0.37611451745033264
0.16489960253238678
0.4403364062309265
0.40243110060691833
0.3890269696712494
0.3894256353378296
0.40373533964157104
0.23190414905548096
0.16163703799247742
0.4221506118774414
0.14257289469242096
0.21665669977664948
0.2507353723049164
0.48386281728744507
0.3833022117614746
0.43296995759010315
0.34751078486442566
0.4110312759876251
0.2505464553833008
0.25383836030960083
0.4502474367618561
0.18206444382667542
0.4065699279308319
0.4457316994667053
0.46754521131515503
0.460782915353775
0.4421960413455963
0.1607886403799057
0.22780822217464447
0.3777216076850891
0.41418102383613586
0.19617973268032074
0.4161894619464874
0.41871216893196106
0.212153822183609
0.4509802758693695
0.19168196618556976
0.46570369601249695
0.16416656970977783
0.428189754486084
0.39812931418418884
0.346749871969223
0.3664805293083191
0.3689054250717163
0.3718850910663605
0.6224464178085327
0.2653724253177643
0.16321313381195068
0.44369277358055115
0.4615730345249176
0.4112079441547394
0.42068347334861755
0.19077631831169128
0.4263341426849365
0.4844416677951813
0.2413434088230133
0.1316397339105606
0.4298388659954071
0.43997862935066223
0.4703005850315094
0.43374207615852356
0.17167407274246216
0.40912967920303345
0.40106233954429626
0.4490918517112732
0.2251979112625122
0.1306689977645874
0.42920878529548645
0.29446941614151
0.21084223687648773
0.11822588741779327
0.45865488052368164
0.4478605091571808
0.385442852973938
0.3688338100910187
0.4986531138420105
0.470788836479187
0.4023788571357727
0.3992210626602173
0.19335022568702698
0.24566584825515747
0.40176528692245483
0.44771236181259155
0.15986090898513794
0.40171387791633606
0.40944889187812805
0.40587931871414185
0.20332792401313782
0.21676211059093475
0.4465104639530182
0.17836298048496246
0.15363161265850067
0.1906483769416809
0.19559013843536377
0.4016254246234894
0.3875870704650879
0.4003463685512543
0.14661307632923126
0.2200065404176712
0.37844106554985046
0.5230154991149902
0.19931526482105255
0.4644361734390259
0.4089389741420746
0.38547569513320923
0.4299813210964203
0.4398624300956726
0.15835276246070862
0.35046568512916565
0.4776601791381836
0.4038199186325073
0.513997495174408
0.4607106149196625
0.4283278286457062
0.44864121079444885
0.4796866774559021
0.41095125675201416
0.2053089290857315
0.38435181975364685
0.38553646206855774
0.17036013305187225
0.37368953227996826
0.14929142594337463
0.4336111545562744
0.4336671829223633
0.21661671996116638
0.5394201874732971
0.15665216743946075
0.39581915736198425
0.18025289475917816
0.402122437953949
0.4635005295276642
0.42005184292793274
0.12644968926906586
0.15454716980457306
0.42749714851379395
0.4453749656677246
0.44969573616981506
0.4164051413536072
0.15815867483615875
0.43580907583236694
0.41081398725509644
0.38334178924560547
0.3950086534023285
0.46854349970817566
0.45043325424194336
0.16692949831485748
0.5052278637886047
0.4270375967025757
0.1572866588830948
0.1871638149023056
0.4331267178058624
0.41330018639564514
0.18457600474357605
0.17020916938781738
0.38225674629211426
0.4594470262527466
0.44040602445602417
0.1701422929763794
0.36630117893218994
0.2187725305557251
0.44292083382606506
0.4632314145565033
0.3987318277359009
0.1756705641746521
0.452109694480896
0.1589781790971756
0.4115433990955353
0.4114229381084442
0.35724833607673645
0.35792091488838196
0.21300415694713593
0.4433594346046448
0.4532293677330017
0.4106118977069855
0.43704065680503845
0.16794398427009583
0.15584442019462585
0.4347589612007141
0.4342811107635498
0.5044183135032654
0.37403619289398193
0.18979692459106445
0.39814555644989014
0.2287236750125885
0.16262203454971313
0.3918759822845459
0.49936553835868835
0.3932495713233948
0.39929819107055664
0.405036062002182
0.35766297578811646
0.1396264135837555
0.3796256482601166
0.3906191885471344
0.20326149463653564
0.3970281183719635
0.37954920530319214
0.1901363879442215
0.3884609341621399
0.2259480059146881
0.35735762119293213
0.4472220838069916
0.3897288143634796
0.21870562434196472
0.3916948139667511
0.42287516593933105
0.20237967371940613
0.45788371562957764
0.18421024084091187
0.3821587562561035
0.20164445042610168
0.40573492646217346
0.20005236566066742
0.48844242095947266
0.4158884286880493
0.4472538232803345
0.394525408744812
0.22970591485500336
0.13976752758026123
0.38933926820755005
0.4239092171192169
0.17775402963161469
0.3908836245536804
0.48914068937301636
0.1302153319120407
0.3999366760253906
0.6062994599342346
0.20415949821472168
0.4656257629394531
0.12601128220558167
0.22040380537509918
0.36505845189094543
0.12035022675991058
0.17003661394119263
0.39602935314178467
0.16534894704818726
0.4722871780395508
0.4607448875904083
0.4181104898452759
0.3838234543800354
0.37477877736091614
0.39047521352767944
0.4110449254512787
0.22814549505710602
0.27052733302116394
0.37358933687210083
0.3877248167991638
0.4154369831085205
0.1696067601442337
0.16418565809726715
0.1927226185798645
0.40183860063552856
0.4396064281463623
0.4399760067462921
0.40815672278404236
0.40237751603126526
0.37744060158729553
0.38714900612831116
0.13019119203090668
0.4078468978404999
0.4242035746574402
0.1845448613166809
0.16404220461845398
0.36232656240463257
0.4060805141925812
0.14590366184711456
0.40093347430229187
0.4610109329223633
0.4462343454360962
0.2556087374687195
0.18588408827781677
0.19354741275310516
0.3799477517604828
0.38057106733322144
0.4060220420360565
0.13059549033641815
0.399644672870636
0.2406737208366394
0.20797252655029297
0.3871183693408966
0.44392403960227966
0.428732693195343
0.26193511486053467
0.3630368709564209
0.1644902229309082
0.18368810415267944
0.4293610751628876
0.38219210505485535
0.3953455984592438
0.1621246337890625
0.3918363153934479
0.3419363796710968
0.417041152715683
0.42520418763160706
0.1823292076587677
0.3790245056152344
0.17099405825138092
0.3929406404495239
0.18136683106422424
0.4896071255207062
0.1785067915916443
0.4883553981781006
0.18271830677986145
0.17470505833625793
0.2122700959444046
0.4194672405719757
0.45504191517829895
0.4832378029823303
0.6356765627861023
0.5196340084075928
0.4479171633720398
0.3936181366443634
0.3374706506729126
0.20155391097068787
0.38900065422058105
0.16386647522449493
0.19022375345230103
0.13023269176483154
0.39713791012763977
0.3968251943588257
0.43404555320739746
0.18835917115211487
0.15616784989833832
0.37046849727630615
0.4039302170276642
0.1329694390296936
0.3812045156955719
0.15516336262226105
0.1731843203306198
0.22474007308483124
0.49866384267807007
0.4209786653518677
0.15581464767456055
0.24196195602416992
0.46849915385246277
0.5085960030555725
0.18452902138233185
0.4124135971069336
0.36468932032585144
0.44402775168418884
0.38354256749153137
0.4490249752998352
0.5027740597724915
0.1352330446243286
0.45787104964256287
0.3359031677246094
0.4887109398841858
0.22049766778945923
0.5153875946998596
0.4287949502468109
0.45661190152168274
0.2096412181854248
0.40362387895584106
0.11452842503786087
0.5164245963096619
0.4061066210269928
0.19129694998264313
0.41717180609703064
0.42488765716552734
0.1781061887741089
0.17163223028182983
0.38176894187927246
0.2748981714248657
0.4340776205062866
0.15823203325271606
0.4089098870754242
0.43249237537384033
0.3617602586746216
0.4254823327064514
0.4092539846897125
0.46525827050209045
0.4647076427936554
0.48812246322631836
0.39371490478515625
0.1422126144170761
0.19161514937877655
0.16343428194522858
0.3417636752128601
0.1569477766752243
0.42440998554229736
0.4345427453517914
0.43250763416290283
0.4032713770866394
0.40586230158805847
0.4266201853752136
0.4071381688117981
0.16008982062339783
0.38758158683776855
0.47588831186294556
0.21456217765808105
0.1508832573890686
0.41433587670326233
0.36589315533638
0.17873774468898773
0.44637635350227356
0.4519868493080139
0.3988369405269623
0.391914963722229
0.23305641114711761
0.11909720301628113
0.4662298560142517
0.420965313911438
0.41951054334640503
0.41383659839630127
0.3615858852863312
0.24417917430400848
0.38232606649398804
0.4746904969215393
0.1758890002965927
0.17398177087306976
0.4480228126049042
0.41127318143844604
0.4571063220500946
0.41189879179000854
0.4138089120388031
0.383100688457489
0.3613527715206146
0.24897684156894684
0.4110512137413025
0.38988667726516724
0.39500540494918823
0.16984234750270844
0.4214560091495514
0.43254929780960083
0.15680314600467682
0.1549432873725891
0.4103914499282837
0.41043806076049805
0.1411733329296112
0.3796902000904083
0.4249146580696106
0.37547358870506287
0.406668096780777
0.2068462371826172
0.1506633460521698
0.4058859050273895
0.21965941786766052
0.4570157825946808
0.1635340303182602
0.1330992579460144
0.17146657407283783
0.3893474340438843
0.4413120448589325
0.4462742507457733
0.20519699156284332
0.39212465286254883
0.44596272706985474
0.39598527550697327
0.1632167249917984
0.41454461216926575
0.37439292669296265
0.38434717059135437
0.43314677476882935
0.1711391806602478
0.3910205662250519
0.39864566922187805
0.4368687570095062
0.44924071431159973
0.38348326086997986
0.3921695053577423
0.37931394577026367
0.20616383850574493
0.3683115243911743
0.40435874462127686
0.20726697146892548
0.42703333497047424
0.20678992569446564
0.1943534016609192
0.3887007534503937
0.19333499670028687
0.20586425065994263
0.48620977997779846
0.37461116909980774
0.46563538908958435
0.3944550156593323
0.17736376821994781
0.4429369568824768
0.3865586221218109
0.12995214760303497
0.4649893641471863
0.38914668560028076
0.46513065695762634
0.39550477266311646
0.16705380380153656
0.15512248873710632
0.43927785754203796
0.4558166563510895
0.220093235373497
0.5086721181869507
0.16312411427497864
0.16059549152851105
0.13195370137691498
0.41685113310813904
0.24187318980693817
0.18420396745204926
0.16905364394187927
0.23363369703292847
0.43565404415130615
0.17242003977298737
0.392433226108551
0.15663519501686096
0.45441552996635437
0.43501606583595276
0.12063062191009521
0.4043712913990021
0.4223100244998932
0.40987250208854675
0.141452819108963
0.19750277698040009
0.22776824235916138
0.4422367811203003
0.4026155471801758
0.3741774559020996
0.4333162009716034
0.40792953968048096
0.14328807592391968
0.17893877625465393
0.40363427996635437
0.4335053563117981
0.46541258692741394
0.4277684986591339
0.1754772961139679
0.3536790609359741
0.36566248536109924
0.14961737394332886
0.4056943953037262
0.39472711086273193
0.36861735582351685
0.3741753101348877
0.407566636800766
0.403825581073761
0.3565112054347992
0.38910606503486633
0.25253477692604065
0.3833899199962616
0.39796969294548035
0.3695526123046875
0.19859829545021057
0.38363316655158997
0.3736731708049774
0.2152131348848343
0.15138700604438782
0.4331154525279999
0.39225906133651733
0.4053031802177429
0.37254276871681213
0.43201160430908203
0.40180179476737976
0.41560623049736023
0.39159393310546875
0.36078324913978577
0.17615458369255066
0.3939480781555176
0.359887033700943
0.3779386579990387
0.37566766142845154
0.4800364077091217
0.42316240072250366
0.1412578970193863
0.17452161014080048
0.20243443548679352
0.3876054883003235
0.18852491676807404
0.42000508308410645
0.17168332636356354
0.46121424436569214
0.4437839686870575
0.3806774616241455
0.3759189248085022
0.43683531880378723
0.4228823482990265
0.17160478234291077
0.35661160945892334
0.5359062552452087
0.4610412120819092
0.1592600792646408
0.17149725556373596
0.3572728633880615
0.1605922430753708
0.49120789766311646
0.39544034004211426
0.48723316192626953
0.36126041412353516
0.18824529647827148
0.19797636568546295
0.14509150385856628
0.1524367481470108
0.18484283983707428
0.19182175397872925
0.3709040880203247
0.4498489797115326
0.4093581736087799
0.13138511776924133
0.40398427844047546
0.4268359839916229
0.209594264626503
0.1710026115179062
0.17158418893814087
0.15919846296310425
0.20322370529174805
0.1787254363298416
0.39472708106040955
0.1709752082824707
0.20527534186840057
0.39674073457717896
0.16970685124397278
0.250997394323349
0.16226337850093842
0.43614670634269714
0.42160576581954956
0.4766749441623688
0.36705464124679565
0.483451783657074
0.413364440202713
0.17791587114334106
0.2358075976371765
0.3547779321670532
0.40435805916786194
0.40586304664611816
0.37807661294937134
0.42873910069465637
0.4130881726741791
0.378336638212204
0.3967205882072449
0.4036518633365631
0.23144035041332245
0.4271305799484253
0.19390301406383514
0.20983974635601044
0.14275749027729034
0.2594689130783081
0.36904796957969666
0.39751136302948
0.3955655097961426
0.4598388671875
0.5097935795783997
0.39339154958724976
0.42815113067626953
0.39821329712867737
0.3803766071796417
0.4245082139968872
0.18143020570278168
0.3799872398376465
0.46849778294563293
0.33104243874549866
0.39771220088005066
0.3021320402622223
0.38903161883354187
0.18748746812343597
0.1962117850780487
0.19162368774414062
0.3679451644420624
0.1445629745721817
0.20107536017894745
0.4182577431201935
0.4273914694786072
0.48043131828308105
0.1627928465604782
0.40641117095947266
0.3999931812286377
0.4466092884540558
0.45529723167419434
0.19026918709278107
0.4605365991592407
0.1534789800643921
0.15781472623348236
0.40120428800582886
0.4096332788467407
0.18788592517375946
0.17929522693157196
0.3433087468147278
0.18061579763889313
0.17745526134967804
0.45331013202667236
0.4610293507575989
0.4034760594367981
0.17678368091583252
0.4550842344760895
0.39675477147102356
0.4033072590827942
0.3811890482902527
0.38837406039237976
0.16445130109786987
0.3615368604660034
0.1469298154115677
0.41348233819007874
0.3610594868659973
0.45699217915534973
0.39364999532699585
0.2067776918411255
0.19684553146362305
0.37644654512405396
0.37772879004478455
0.37031739950180054
0.3846200704574585
0.2309250682592392
0.17447558045387268
0.12456455081701279
0.16684624552726746
0.4695838987827301
0.20286822319030762
0.1607198864221573
0.21194955706596375
0.4632576107978821
0.3934643268585205
0.4340325891971588
0.3938830494880676
0.3716747462749481
0.3839578628540039
0.18136052787303925
0.1916845142841339
0.3830445408821106
0.16582950949668884
0.39014115929603577
0.1525716930627823
0.3968793451786041
0.17716385424137115
0.13519074022769928
0.44251546263694763
0.1490814983844757
0.4365083873271942
0.3814101219177246
0.19747674465179443
0.3776891827583313
0.4019889235496521
0.4086848199367523
0.4365745484828949
0.4470219016075134
0.15017876029014587
0.39970213174819946
0.4396156966686249
0.39738452434539795
0.35669171810150146
0.4376887083053589
0.4112236201763153
0.42690765857696533
0.4334023594856262
0.37757939100265503
0.5095339417457581
0.3781261742115021
0.17482562363147736
0.3873397707939148
0.41422319412231445
0.39083367586135864
0.1622205227613449
0.42481666803359985
0.3883706033229828
0.21315504610538483
0.20086820423603058
0.1696593165397644
0.37621062994003296
0.36182230710983276
0.38147327303886414
0.17143617570400238
0.4682449996471405
0.3919442594051361
0.37740224599838257
0.1404656022787094
0.3385833203792572
0.413213312625885
0.15774229168891907
0.4917697012424469
0.43072691559791565
0.39529359340667725
0.35462266206741333
0.15735845267772675
0.4014700949192047
0.3694033622741699
0.4390135705471039
0.40016111731529236
0.12374570220708847
0.35240164399147034
0.19059041142463684
0.40417608618736267
0.4170842468738556
0.1935661882162094
0.4012637138366699
0.16839715838432312
0.40533360838890076
0.3684444725513458
0.17204348742961884
0.402567058801651
0.39543047547340393
0.15078777074813843
0.46574804186820984
0.40097662806510925
0.3506779074668884
0.23135904967784882
0.35458022356033325
0.1481418013572693
0.45496952533721924
0.20098751783370972
0.37504103779792786
0.14796508848667145
0.5118380188941956
0.4975070059299469
0.21949483454227448
0.40182361006736755
0.18562853336334229
0.42205262184143066
0.18728728592395782
0.40146228671073914
0.2299538403749466
0.3968912363052368
0.3719603717327118
0.49471190571784973
0.20520909130573273
0.16793610155582428
0.3788614571094513
0.21733738481998444
0.4675878882408142
0.1756342351436615
0.3769262433052063
0.41406798362731934
0.38921746611595154
0.17325963079929352
0.18089085817337036
0.15003137290477753
0.4795210361480713
0.20203149318695068
0.40248456597328186
0.43118005990982056
0.1463046818971634
0.41685041785240173
0.17291578650474548
0.40842631459236145
0.3925430476665497
0.17390500009059906
0.17228420078754425
0.42418619990348816
0.18214742839336395
0.44633910059928894
0.47416988015174866
0.40152886509895325
0.41536617279052734
0.41797083616256714
0.42251333594322205
0.11791727691888809
0.37952518463134766
0.10745620727539062
0.3626691699028015
0.3705674111843109
0.1712442934513092
0.42230144143104553
0.3832855820655823
0.43701475858688354
0.4111621379852295
0.37950214743614197
0.4523136019706726
0.1292104721069336
0.37690499424934387
0.41850677132606506
0.4073488116264343
0.36146116256713867
0.40460988879203796
0.22689567506313324
0.22522185742855072
0.13534821569919586
0.41763901710510254
0.15272341668605804
0.16239795088768005
0.3947358727455139
0.1693776398897171
0.16287288069725037
0.44684672355651855
0.17808586359024048
0.1428920179605484
0.20232100784778595
0.34371116757392883
0.4636697769165039
0.43035969138145447
0.4519665539264679
0.40249553322792053
0.1486387401819229
0.39791861176490784
0.1457110345363617
0.4026899039745331
0.3696504831314087
0.39306530356407166
0.15667472779750824
0.4899395704269409
0.19142816960811615
0.2533424198627472
0.18661364912986755
0.19558939337730408
0.361408531665802
0.3282953202724457
0.4390086233615875
0.4061433672904968
0.16111035645008087
0.19493357837200165
0.3866897523403168
0.36805856227874756
0.19225448369979858
0.1729443371295929
0.18853004276752472
0.438439279794693
0.38378575444221497
0.46527042984962463
0.41635793447494507
0.19188039004802704
0.4322196841239929
0.43392685055732727
0.38981249928474426
0.507447361946106
0.37947219610214233
0.37960007786750793
0.12213440239429474
0.41119685769081116
0.4349385201931
0.38983872532844543
0.40988513827323914
0.384217768907547
0.39573076367378235
0.34505558013916016
0.43062305450439453
0.1792719066143036
0.43321219086647034
0.1943555772304535
0.14611980319023132
0.2096480131149292
0.4616522192955017
0.45213547348976135
0.19273802638053894
0.19374233484268188
0.3553406000137329
0.35537034273147583
0.40347135066986084
0.3993653953075409
0.1901600956916809
0.4251866638660431
0.39799609780311584
0.37507450580596924
0.23930852115154266
0.23792694509029388
0.4273112416267395
0.44322630763053894
0.3671257197856903
0.3524380922317505
0.41483762860298157
0.37375935912132263
0.45136260986328125
0.4267868995666504
0.42730769515037537
0.36688119173049927
0.43724045157432556
0.4671562612056732
0.18836665153503418
0.18295413255691528
0.41621530055999756
0.15985852479934692
0.16819481551647186
0.18377146124839783
0.3734677731990814
0.4834910035133362
0.16794626414775848
0.40130868554115295
0.3880046606063843
0.17124764621257782
0.20958735048770905
0.10805223882198334
0.3867657780647278
0.26242244243621826
0.410099595785141
0.37350213527679443
0.33320125937461853
0.45100411772727966
0.21025268733501434
0.41908934712409973
0.1921827346086502
0.44823750853538513
0.37492865324020386
0.42214906215667725
0.5040725469589233
0.2035805583000183
