1.6085553169250488
1.605026125907898
1.583082675933838
1.588552713394165
1.5537267923355103
1.5264074802398682
1.4779449701309204
1.4394493103027344
1.3979153633117676
1.3875759840011597
1.3755848407745361
1.375524878501892
1.3669580221176147
1.3607087135314941
1.344639778137207
1.3637945652008057
1.390552043914795
1.357593059539795
1.3660794496536255
1.3572845458984375
1.3688310384750366
1.3516813516616821
1.348193645477295
1.3413994312286377
1.3489563465118408
1.3315093517303467
1.3890864849090576
1.3377647399902344
1.3174149990081787
1.3187952041625977
1.3555381298065186
1.3457838296890259
1.34224271774292
1.3111107349395752
1.3213177919387817
1.3191391229629517
1.365787148475647
1.3076306581497192
1.3036346435546875
1.3144351243972778
1.3156911134719849
1.2964123487472534
1.3184257745742798
1.3024017810821533
1.2992266416549683
1.3055830001831055
1.2992199659347534
1.3167527914047241
1.3033558130264282
1.305477261543274
1.3233730792999268
1.2829749584197998
1.2865347862243652
1.3001443147659302
1.2916866540908813
1.2885704040527344
1.2961269617080688
1.2861132621765137
1.3119175434112549
1.2934376001358032
1.3027241230010986
1.2834521532058716
1.296574354171753
1.2940726280212402
1.2880319356918335
1.2938363552093506
1.2907770872116089
1.284532070159912
1.2925949096679688
1.2844696044921875
1.3236271142959595
1.2873127460479736
1.2854808568954468
1.2815563678741455
1.276812195777893
1.2768820524215698
1.2780003547668457
1.2906988859176636
1.2826695442199707
1.3118635416030884
1.2809175252914429
1.2791812419891357
1.2775239944458008
1.286934494972229
1.2862908840179443
1.2816386222839355
1.27802574634552
1.2775757312774658
1.2779556512832642
1.2815998792648315
1.2741602659225464
1.2992745637893677
1.2791755199432373
1.2877024412155151
1.2879425287246704
1.2903753519058228
1.2772319316864014
1.2885433435440063
1.292675495147705
1.2738560438156128
1.2821556329727173
1.3075731992721558
1.2822036743164062
1.2844477891921997
1.287652850151062
1.2858843803405762
1.2801451683044434
1.2901846170425415
1.2750978469848633
1.314669132232666
1.2797796726226807
1.2804533243179321
1.2748157978057861
1.2825454473495483
1.2859605550765991
1.2764874696731567
1.2769975662231445
1.281728982925415
1.2735704183578491
1.2763205766677856
1.2752816677093506
1.270696997642517
1.2845447063446045
1.273209571838379
1.2715920209884644
1.270479440689087
1.2681400775909424
1.2810701131820679
1.2838568687438965
1.2989436388015747
1.2751458883285522
1.2649034261703491
1.3680232763290405
1.3179409503936768
1.3515801429748535
1.2818228006362915
1.279065728187561
1.2813776731491089
1.2785522937774658
1.316494107246399
1.3334736824035645
1.3024816513061523
1.291791558265686
1.2828621864318848
1.2757441997528076
1.274458646774292
1.2791342735290527
1.2987998723983765
1.2837132215499878
1.286840796470642
1.283051609992981
1.274645447731018
1.2729384899139404
1.2911587953567505
1.281693696975708
1.2761452198028564
1.288059115409851
1.2753976583480835
1.2742160558700562
1.277163028717041
1.283579707145691
1.2727361917495728
1.274613618850708
1.2877435684204102
1.2838324308395386
1.28946852684021
1.2783231735229492
1.2736233472824097
1.2731934785842896
1.2716395854949951
1.2790870666503906
1.2756742238998413
1.2871040105819702
1.2791880369186401
1.2722630500793457
1.2780243158340454
1.2791011333465576
1.2757798433303833
1.2710835933685303
1.276841163635254
1.2737739086151123
1.2824476957321167
1.2745790481567383
1.2703205347061157
1.289710521697998
1.2752959728240967
1.271133542060852
1.270646095275879
1.2719334363937378
1.2726346254348755
1.3012008666992188
1.276286005973816
1.2730708122253418
1.2677359580993652
1.2722938060760498
1.2700934410095215
1.2761566638946533
1.2785143852233887
1.2796880006790161
1.2710341215133667
1.2711883783340454
1.2786444425582886
1.2730928659439087
1.2752609252929688
1.2676745653152466
1.2639967203140259
1.2760465145111084
1.2726082801818848
1.2697834968566895
1.2731719017028809
1.272862434387207
1.2727062702178955
1.2710283994674683
1.2771086692810059
1.268964409828186
1.2695430517196655
1.2716453075408936
1.275363802909851
1.273959755897522
1.2671536207199097
1.2677334547042847
1.2715623378753662
1.2927038669586182
1.2833954095840454
1.2670998573303223
1.272455096244812
1.2691208124160767
1.2686704397201538
1.2856526374816895
1.2939708232879639
1.2676697969436646
1.2769452333450317
1.2750853300094604
1.2647900581359863
1.2761307954788208
1.2831443548202515
1.2740416526794434
1.2728421688079834
1.2739720344543457
1.2767196893692017
1.2714892625808716
1.2672826051712036
1.2931759357452393
1.2746707201004028
1.2699041366577148
1.2849496603012085
1.2767853736877441
1.2709444761276245
1.2704540491104126
1.270460605621338
1.2733852863311768
1.2706842422485352
1.2743043899536133
1.269625186920166
1.2701709270477295
1.2658343315124512
1.2842316627502441
1.2811356782913208
1.2754390239715576
1.2833324670791626
1.2691946029663086
1.2695097923278809
1.2719225883483887
1.2739019393920898
1.2641301155090332
1.271371603012085
1.2642247676849365
1.266878366470337
1.2673646211624146
1.2731208801269531
1.263938546180725
1.2643723487854004
1.270676612854004
1.2789779901504517
1.2699902057647705
1.2738709449768066
1.2749537229537964
1.2663706541061401
1.2680304050445557
1.2697752714157104
1.2679951190948486
1.266281247138977
1.2846249341964722
1.2640957832336426
1.271430492401123
1.2704401016235352
1.2722681760787964
1.2798092365264893
1.2926024198532104
1.2684825658798218
1.2755438089370728
1.2654533386230469
1.2754055261611938
1.2647223472595215
1.2667526006698608
1.2732253074645996
1.2790861129760742
1.2725846767425537
1.2827894687652588
1.2679084539413452
1.27147376537323
1.2696285247802734
1.2648762464523315
1.2752529382705688
1.2743521928787231
1.2791987657546997
1.265661597251892
1.2756727933883667
1.2743895053863525
1.2673410177230835
1.2682451009750366
1.272126317024231
1.2780921459197998
1.2681186199188232
1.275622010231018
1.270578145980835
1.2752318382263184
1.2715272903442383
1.2722349166870117
1.2898913621902466
1.277742862701416
1.2723053693771362
1.2692596912384033
1.2734495401382446
1.274551510810852
1.2759807109832764
1.2734752893447876
1.2745310068130493
1.2681574821472168
1.2710040807724
1.267527461051941
1.267223834991455
1.2702631950378418
1.2670782804489136
1.266201138496399
1.2643883228302002
1.267856478691101
1.3203840255737305
1.282820701599121
1.2855615615844727
1.263047695159912
1.3053549528121948
1.2651461362838745
1.268190860748291
1.2764103412628174
1.2671641111373901
1.2725961208343506
1.2618483304977417
1.2704683542251587
1.268361210823059
1.266482949256897
1.2715758085250854
1.2755427360534668
1.2687076330184937
1.2674789428710938
1.2701365947723389
1.264890193939209
1.2625595331192017
1.2820090055465698
1.2722854614257812
1.2718818187713623
1.2612868547439575
1.2772860527038574
1.268938422203064
1.2695099115371704
1.3042917251586914
1.2662512063980103
1.2734265327453613
1.2709019184112549
1.2649564743041992
1.2678821086883545
1.2658171653747559
1.280879020690918
1.2701820135116577
1.26650071144104
1.2609903812408447
1.271553635597229
1.2827906608581543
1.2652499675750732
1.2745743989944458
1.26498544216156
1.2688708305358887
1.2845180034637451
1.2724652290344238
1.282333493232727
1.272094488143921
1.27997624874115
1.266993761062622
1.2634891271591187
1.2640010118484497
1.2827377319335938
1.2891638278961182
1.2853158712387085
1.2637449502944946
1.2776423692703247
1.268810749053955
1.270382046699524
1.2697147130966187
1.2671431303024292
1.2813411951065063
1.2660057544708252
1.2652561664581299
1.273123025894165
1.27059006690979
1.274264931678772
1.2820041179656982
1.2675436735153198
1.2695517539978027
1.266947627067566
1.2641416788101196
1.2674123048782349
1.2741215229034424
1.264324426651001
1.2661442756652832
1.264159917831421
1.2729078531265259
1.275629997253418
1.2867062091827393
1.272710919380188
1.2638654708862305
1.2814067602157593
1.2673765420913696
1.310276746749878
1.2721447944641113
1.2695231437683105
1.2711517810821533
1.2684499025344849
1.2649461030960083
1.264997959136963
1.2818173170089722
1.2829359769821167
1.2875261306762695
1.2753643989562988
1.2905306816101074
1.2755041122436523
1.2709743976593018
1.2748284339904785
1.2718729972839355
1.2797496318817139
1.267637014389038
1.2700788974761963
1.2661982774734497
1.2649095058441162
1.2816519737243652
1.2676959037780762
1.2725155353546143
1.26341712474823
1.2729583978652954
1.2670854330062866
1.2665308713912964
1.261813759803772
1.270726203918457
1.2682178020477295
1.2708622217178345
1.2661523818969727
1.2677806615829468
1.2709147930145264
1.2651374340057373
1.2632499933242798
1.269799828529358
1.2627438306808472
1.26688814163208
1.2672581672668457
1.2721585035324097
1.2732731103897095
1.2672510147094727
1.2633357048034668
1.2660523653030396
1.2618730068206787
1.273737907409668
1.2675299644470215
1.2722804546356201
1.2610807418823242
1.2658681869506836
1.2694889307022095
1.27022123336792
1.2713426351547241
1.2702182531356812
1.2707459926605225
1.2676491737365723
1.2634915113449097
1.2692188024520874
1.2626311779022217
1.3055721521377563
1.280596137046814
1.2855048179626465
1.272296667098999
1.2685879468917847
1.2721370458602905
1.2689193487167358
1.2640842199325562
1.2683117389678955
1.2768436670303345
1.2658418416976929
1.2692060470581055
1.2705092430114746
1.2704501152038574
1.2611010074615479
1.2669543027877808
1.2765015363693237
1.2683829069137573
1.266822338104248
1.2670087814331055
1.2648965120315552
1.2719781398773193
1.2688826322555542
1.2672266960144043
1.2720463275909424
1.2680679559707642
1.2727882862091064
1.2737061977386475
1.2816203832626343
1.2598625421524048
1.2648335695266724
1.2683035135269165
1.2660951614379883
1.2652256488800049
1.2684177160263062
1.2721363306045532
1.2642765045166016
1.2634618282318115
1.265754222869873
1.263898491859436
1.2836999893188477
1.2699613571166992
1.2640727758407593
1.267834186553955
1.2621403932571411
1.2633259296417236
1.2623335123062134
1.269728422164917
1.2703678607940674
1.271490216255188
1.27706778049469
1.2684638500213623
1.2699453830718994
1.2706927061080933
1.264846682548523
1.2645761966705322
1.2671188116073608
1.266494870185852
1.2676819562911987
1.2640515565872192
1.2824019193649292
1.2633204460144043
1.2646390199661255
1.264267921447754
1.2652078866958618
1.2660449743270874
1.2628357410430908
1.2661279439926147
1.277733564376831
1.2674379348754883
1.2733513116836548
1.2712204456329346
1.2666118144989014
1.2681790590286255
1.2652791738510132
1.2704757452011108
1.2666056156158447
1.2848602533340454
1.264329433441162
1.2791885137557983
1.2603695392608643
1.2665988206863403
1.2665412425994873
1.2670506238937378
1.2749829292297363
1.2612656354904175
1.2709100246429443
1.264534592628479
1.2689813375473022
1.2719684839248657
1.2723345756530762
1.2650150060653687
1.2635658979415894
1.2657283544540405
1.2644578218460083
1.2894625663757324
1.2716978788375854
1.271762728691101
1.2664786577224731
1.2618082761764526
1.266905665397644
1.2646812200546265
1.2782607078552246
1.2733975648880005
1.2667254209518433
1.2632752656936646
1.2649649381637573
1.2626070976257324
1.2729274034500122
1.2620056867599487
1.2789231538772583
1.2711604833602905
1.2736419439315796
1.2691174745559692
1.265023946762085
1.2934211492538452
1.2876496315002441
1.2633816003799438
1.2693190574645996
1.2631226778030396
1.273863434791565
1.2635891437530518
1.2772563695907593
1.2760286331176758
1.2714166641235352
1.2661280632019043
1.2666101455688477
1.2655550241470337
1.2654396295547485
1.2722501754760742
1.2618027925491333
1.2643752098083496
1.2639203071594238
1.269151210784912
1.2634204626083374
1.2715705633163452
1.2637406587600708
1.2686774730682373
1.2661188840866089
1.262925148010254
1.2633492946624756
1.2688509225845337
1.2666232585906982
1.264480471611023
1.2692396640777588
1.2640137672424316
1.2673121690750122
1.2688250541687012
1.2682057619094849
1.2621891498565674
1.270113229751587
1.2627897262573242
1.266008973121643
1.2669240236282349
1.275018334388733
1.267746090888977
1.2676564455032349
1.2659939527511597
1.283267617225647
1.2651400566101074
1.265455961227417
1.263146996498108
1.2686030864715576
1.2638319730758667
1.2646377086639404
1.265726089477539
1.2889606952667236
1.267440915107727
1.2625131607055664
1.2633090019226074
1.2662553787231445
1.2793406248092651
1.2732124328613281
1.2689000368118286
1.2634332180023193
1.2649627923965454
1.2655216455459595
1.268845558166504
1.2658107280731201
1.2709202766418457
1.2649210691452026
1.2657485008239746
1.2757632732391357
1.2645263671875
1.2644762992858887
1.2657365798950195
1.2781519889831543
1.2674803733825684
1.265261173248291
1.2723405361175537
1.2666584253311157
1.266809105873108
1.2649458646774292
1.2631659507751465
1.2861120700836182
1.270888090133667
1.2623753547668457
1.2637455463409424
1.2674652338027954
1.285334587097168
1.2693899869918823
1.265488624572754
1.2685834169387817
1.2672877311706543
1.264868140220642
1.260318398475647
1.2773504257202148
1.2666540145874023
1.2675222158432007
1.2629804611206055
1.270682454109192
1.2666634321212769
1.2706035375595093
1.2747280597686768
1.2640843391418457
1.2650065422058105
1.2808395624160767
1.260851263999939
1.2654763460159302
1.265201449394226
1.2643553018569946
1.2637702226638794
1.26938796043396
1.2673393487930298
1.261986255645752
1.2681571245193481
1.265245795249939
1.26532781124115
1.267768383026123
1.2653164863586426
1.266875982284546
1.261533498764038
1.2671290636062622
1.2653814554214478
1.2635810375213623
1.259036660194397
1.2692269086837769
1.2626816034317017
1.2752180099487305
1.263603687286377
1.2636229991912842
1.2604466676712036
1.27735435962677
1.2676582336425781
1.2665024995803833
1.265679121017456
1.2649922370910645
1.2584843635559082
1.2552075386047363
1.2713806629180908
1.2733604907989502
1.2783300876617432
1.2683875560760498
1.2592028379440308
1.2702832221984863
1.270453691482544
1.2748490571975708
1.2683327198028564
1.2669702768325806
1.2682260274887085
1.2740761041641235
1.2806756496429443
1.2622724771499634
1.2610841989517212
1.2690426111221313
1.2627856731414795
1.2644436359405518
1.2868520021438599
1.2861838340759277
1.2647974491119385
1.273099422454834
1.2687541246414185
1.2699586153030396
1.2655421495437622
1.2704544067382812
1.2652182579040527
1.2610985040664673
1.2626649141311646
1.2736611366271973
1.2703996896743774
1.2659645080566406
1.2615151405334473
1.267217993736267
1.2611095905303955
1.267608880996704
1.2665369510650635
1.2681400775909424
1.2624585628509521
1.2638614177703857
1.2668970823287964
1.275834083557129
1.2636375427246094
1.272221326828003
1.2601139545440674
1.269322156906128
1.2651875019073486
1.2648262977600098
1.2753639221191406
1.266496181488037
1.2732212543487549
1.2700939178466797
1.2696884870529175
1.265539526939392
1.2682937383651733
1.264233946800232
1.2821474075317383
1.265187382698059
1.2726958990097046
1.2637676000595093
1.2640777826309204
1.264216423034668
1.2719861268997192
1.2638694047927856
1.2653396129608154
1.2749675512313843
1.2721210718154907
1.2665311098098755
1.2653728723526
1.2621382474899292
1.268246054649353
1.2670378684997559
1.278965711593628
1.2705683708190918
1.265851378440857
1.268092393875122
1.2708148956298828
1.2611578702926636
1.2627418041229248
1.2787524461746216
1.2706958055496216
1.2621783018112183
1.262691617012024
1.2748676538467407
1.2707304954528809
1.265001654624939
1.2579845190048218
1.2590248584747314
1.2624341249465942
1.2691171169281006
1.267148733139038
1.2654273509979248
1.2659069299697876
1.2656558752059937
1.266419529914856
1.2649786472320557
1.2634623050689697
1.2662862539291382
1.2732750177383423
1.273573875427246
1.2674041986465454
1.2641730308532715
1.2658238410949707
1.2721850872039795
1.2603858709335327
1.2693771123886108
1.2636579275131226
1.267825961112976
1.2697958946228027
1.2614597082138062
1.295130729675293
1.2828946113586426
1.2632545232772827
1.2604693174362183
1.266931176185608
1.2915377616882324
1.295038104057312
1.2693915367126465
1.2680630683898926
1.2674508094787598
1.2676764726638794
1.2680331468582153
1.2686431407928467
1.2619256973266602
1.2644259929656982
1.277673363685608
1.2622878551483154
1.2681008577346802
1.2635242938995361
1.2660194635391235
1.2624834775924683
1.2770106792449951
1.266933560371399
1.2720558643341064
1.2602094411849976
1.2610936164855957
1.2641483545303345
1.2695531845092773
1.2819033861160278
1.265509843826294
1.2607814073562622
1.2611497640609741
1.26809561252594
1.2603464126586914
1.2620829343795776
1.270267128944397
1.2673124074935913
1.26065993309021
1.2623414993286133
1.2629621028900146
1.2714565992355347
1.2668805122375488
1.2754855155944824
1.2655051946640015
1.266527533531189
1.2642852067947388
1.2655270099639893
1.2672454118728638
1.2710665464401245
1.266961693763733
1.2589385509490967
1.25830078125
1.2672410011291504
1.2753777503967285
1.2677674293518066
1.2627058029174805
1.2671024799346924
1.267848014831543
1.2702959775924683
1.2676271200180054
1.2643035650253296
1.2639203071594238
1.263046383857727
1.2657063007354736
1.2682592868804932
1.266397476196289
1.2690205574035645
1.2794057130813599
1.2731398344039917
1.2640984058380127
1.2634228467941284
1.2621592283248901
1.2809226512908936
1.261786699295044
1.263298511505127
1.2678183317184448
1.2748095989227295
1.2640284299850464
1.2657722234725952
1.2623621225357056
1.2666929960250854
1.2613660097122192
1.2625316381454468
1.2594715356826782
1.2608370780944824
1.2661316394805908
1.2726867198944092
1.267457365989685
1.2690467834472656
1.2661254405975342
1.2727372646331787
1.264906883239746
1.2706669569015503
1.2714109420776367
1.291884183883667
1.2650049924850464
1.2660415172576904
1.2666494846343994
1.2817808389663696
1.2632174491882324
1.262771487236023
1.2623517513275146
1.2676641941070557
1.2686446905136108
1.2689862251281738
1.267775297164917
1.2698085308074951
1.2614489793777466
1.2757295370101929
1.2586612701416016
1.2647929191589355
1.2660446166992188
1.261987566947937
1.263010859489441
1.2731642723083496
1.2691081762313843
1.2600798606872559
1.2632107734680176
1.2673922777175903
1.2645869255065918
1.2743273973464966
1.2621530294418335
1.2711091041564941
1.261070728302002
1.2658488750457764
1.2623041868209839
1.2633049488067627
1.2637357711791992
1.2661575078964233
1.2618159055709839
1.2626805305480957
1.265349268913269
1.2644227743148804
1.2689564228057861
1.2631595134735107
1.2659916877746582
1.2641712427139282
1.2631150484085083
1.2569866180419922
1.2607393264770508
1.2627391815185547
1.2617677450180054
1.2675657272338867
1.2736163139343262
1.2683008909225464
1.2616932392120361
1.2714817523956299
1.2639398574829102
1.2693049907684326
1.2718019485473633
1.2610100507736206
1.2622078657150269
1.2607594728469849
1.2648431062698364
1.2762620449066162
1.26739501953125
1.2621880769729614
1.2632428407669067
1.2653881311416626
1.2610949277877808
1.26095712184906
1.2673205137252808
1.2625588178634644
1.2600233554840088
1.2581605911254883
1.269992709159851
1.2653498649597168
1.2623940706253052
1.2661319971084595
1.2693074941635132
1.2623029947280884
1.275152564048767
1.2674545049667358
1.26308012008667
1.2683343887329102
1.2622183561325073
1.2644166946411133
1.262995719909668
1.2760093212127686
1.2922497987747192
1.2758733034133911
1.2637382745742798
1.264801025390625
1.2680914402008057
1.2576520442962646
1.2828351259231567
1.2878026962280273
1.2646547555923462
1.2626616954803467
1.2663013935089111
1.2613015174865723
1.2651242017745972
1.2622771263122559
1.2712204456329346
1.2605715990066528
1.266636610031128
1.2650469541549683
1.265223741531372
1.2636809349060059
1.2609314918518066
1.2652899026870728
1.2630870342254639
1.2626756429672241
1.2650490999221802
1.2625312805175781
1.258745789527893
1.2664408683776855
1.283164620399475
1.2651481628417969
1.2598013877868652
1.2667760848999023
1.2670300006866455
1.264267921447754
1.2615938186645508
1.274829626083374
1.2640070915222168
1.2706375122070312
1.278494954109192
1.2678135633468628
1.2623229026794434
1.267073154449463
1.2646191120147705
1.265354871749878
1.2624709606170654
1.256898045539856
1.2699838876724243
1.2640089988708496
1.2687633037567139
1.2615647315979004
1.2705132961273193
1.27250075340271
1.267493724822998
1.267005205154419
1.2681623697280884
1.2626537084579468
1.265842080116272
1.2580583095550537
1.2633594274520874
1.2623529434204102
1.263258457183838
1.2629473209381104
1.2711615562438965
1.2616828680038452
1.2814691066741943
1.263119101524353
1.2742705345153809
1.2614837884902954
1.2802499532699585
1.2649017572402954
1.270018458366394
1.2640290260314941
1.2616769075393677
1.2671232223510742
1.2673304080963135
1.2691709995269775
1.2731045484542847
1.2639886140823364
1.2636175155639648
1.273402214050293
1.2641329765319824
1.260338306427002
1.270141839981079
1.2593647241592407
1.269543170928955
1.2801241874694824
1.2657954692840576
1.2608253955841064
1.263717532157898
1.2681009769439697
1.258009672164917
1.2783362865447998
1.2802180051803589
1.2625607252120972
1.2644323110580444
1.2647583484649658
1.2670488357543945
1.267322301864624
1.260622501373291
1.2614117860794067
1.2625807523727417
1.2629166841506958
1.2724193334579468
1.2633180618286133
1.2645351886749268
1.2623291015625
1.2647550106048584
1.2588303089141846
1.2657742500305176
1.2617557048797607
1.2637076377868652
1.2644405364990234
1.2665024995803833
1.263588309288025
1.26402747631073
1.2692344188690186
1.2637170553207397
1.259526252746582
1.2682409286499023
1.2650316953659058
1.2585338354110718
1.2638300657272339
1.2659761905670166
1.2716304063796997
1.2730661630630493
1.2611831426620483
1.2603486776351929
1.2740106582641602
1.2637910842895508
1.2612107992172241
1.2667156457901
1.26485013961792
1.2652723789215088
1.2617640495300293
1.2634665966033936
1.2647218704223633
1.2661062479019165
1.2597736120224
1.2611273527145386
1.2600643634796143
1.2601622343063354
1.2703158855438232
1.2601697444915771
1.2593989372253418
1.2632538080215454
1.2648708820343018
1.2642310857772827
1.2698915004730225
1.2578457593917847
1.2628262042999268
1.2572057247161865
1.265298843383789
1.262703776359558
1.2621064186096191
1.266105055809021
1.2597143650054932
1.2868280410766602
1.2787208557128906
1.2645838260650635
1.263783574104309
1.2643275260925293
1.266800045967102
1.2644411325454712
1.2635711431503296
1.280859351158142
1.2721259593963623
1.268621802330017
1.2635761499404907
1.261579155921936
1.2657569646835327
1.3191581964492798
1.2805490493774414
1.265753149986267
1.2643027305603027
1.2696757316589355
1.2606524229049683
1.2778822183609009
1.2716631889343262
1.2636514902114868
1.2630946636199951
1.2643321752548218
1.268388032913208
1.2678608894348145
1.265763759613037
1.2607821226119995
1.2596644163131714
1.261478066444397
1.2618818283081055
1.2612608671188354
1.2625142335891724
1.2678314447402954
1.2693090438842773
1.2595610618591309
1.262194275856018
1.2683674097061157
1.2671700716018677
1.2620669603347778
1.2600317001342773
1.264113426208496
1.2667508125305176
1.2666480541229248
1.2603956460952759
1.2611006498336792
1.260851263999939
1.2606853246688843
1.2852332592010498
1.2638750076293945
1.2669883966445923
1.2622541189193726
1.268781304359436
1.266036868095398
1.2648197412490845
1.2683688402175903
1.2654787302017212
1.2629848718643188
1.2684435844421387
1.2651116847991943
1.2638505697250366
1.2638052701950073
1.271451711654663
1.2740646600723267
1.264662742614746
1.2642854452133179
1.266476035118103
1.2684134244918823
1.2699214220046997
1.2644788026809692
1.267383337020874
1.2649823427200317
1.2623153924942017
1.26723051071167
1.2629474401474
1.270897388458252
1.266474962234497
1.2667547464370728
1.2601567506790161
1.262040376663208
1.263059377670288
1.2706657648086548
1.262951374053955
1.264561414718628
1.2624009847640991
1.260134220123291
1.2643914222717285
1.2633111476898193
1.2621264457702637
1.2626020908355713
1.2645912170410156
1.2675273418426514
1.2636594772338867
1.264143943786621
1.2622103691101074
1.2657291889190674
1.2628207206726074
1.2589995861053467
1.2659015655517578
1.257209300994873
1.259695291519165
1.2685058116912842
1.2623847723007202
1.265173316001892
1.2631821632385254
1.265482783317566
1.2668852806091309
1.266689419746399
1.2612603902816772
1.2634660005569458
1.267398715019226
1.280389666557312
1.2695361375808716
1.259382963180542
1.26255464553833
1.261627197265625
1.2658237218856812
1.2593872547149658
1.26912260055542
1.2678968906402588
1.2738556861877441
1.2617411613464355
1.260764479637146
1.2630237340927124
1.2791504859924316
1.2642765045166016
1.2667163610458374
1.2674856185913086
1.2697727680206299
1.2737398147583008
1.2652946710586548
1.271499752998352
1.2625178098678589
1.2605578899383545
1.2600562572479248
1.2663251161575317
1.2671229839324951
1.2607704401016235
1.2726057767868042
1.2631233930587769
1.2597553730010986
1.2660354375839233
1.2687169313430786
1.2708131074905396
1.2600061893463135
1.2641537189483643
1.2655194997787476
1.2639552354812622
1.2685766220092773
1.2637834548950195
1.2600136995315552
1.2634460926055908
1.2622780799865723
1.2616188526153564
1.261071801185608
1.2623436450958252
1.2588878870010376
1.263545274734497
1.2638956308364868
1.2793457508087158
1.2611888647079468
1.2622820138931274
1.263197898864746
1.264249324798584
1.2645875215530396
1.2658064365386963
1.2597566843032837
1.266796588897705
1.260897159576416
1.2702033519744873
1.2613557577133179
1.262115240097046
1.2589091062545776
1.2592037916183472
1.2637046575546265
1.257208228111267
1.266127586364746
1.2631474733352661
1.2631957530975342
1.2622292041778564
1.2648210525512695
1.2633452415466309
1.2634177207946777
1.2621244192123413
1.2618826627731323
1.2602555751800537
1.262569785118103
1.2644332647323608
1.264838695526123
1.2701400518417358
1.262459397315979
1.2673215866088867
1.2718441486358643
1.2623298168182373
1.2652140855789185
1.259456753730774
1.2614493370056152
1.2727363109588623
1.279362440109253
1.2624019384384155
1.2604687213897705
1.2646453380584717
1.274880051612854
1.264221429824829
1.272889256477356
1.2654763460159302
1.2684823274612427
1.2590330839157104
1.2679740190505981
1.2637252807617188
1.2592321634292603
1.2584373950958252
1.3066973686218262
1.2765332460403442
1.2668545246124268
1.262625813484192
1.2627649307250977
1.2813141345977783
1.2590045928955078
1.2818487882614136
1.2673332691192627
1.290587306022644
1.2641874551773071
1.2634005546569824
1.2607094049453735
1.2667851448059082
1.2628957033157349
1.2645881175994873
1.2628153562545776
1.2649859189987183
1.2636805772781372
1.273216724395752
1.2695101499557495
1.2616997957229614
1.2610477209091187
1.2579975128173828
1.2577975988388062
1.285121202468872
1.2551690340042114
1.2543096542358398
1.263856291770935
1.2701330184936523
1.2657362222671509
1.2666387557983398
1.2603777647018433
1.2627041339874268
1.2582781314849854
1.267060399055481
1.2688112258911133
1.2646911144256592
1.26274836063385
1.2604167461395264
1.2586698532104492
1.2742056846618652
1.2694658041000366
1.262790322303772
1.2649199962615967
1.2594157457351685
1.2615265846252441
1.2593237161636353
1.2622923851013184
1.2701747417449951
1.2617868185043335
1.263670563697815
1.2831157445907593
1.2652366161346436
1.2605128288269043
1.266982913017273
1.2639222145080566
1.2742940187454224
1.2619520425796509
1.2661080360412598
1.2623319625854492
1.267609715461731
1.262719750404358
1.2598025798797607
1.260544776916504
1.263135552406311
1.2841075658798218
1.2658436298370361
1.266143798828125
1.265566349029541
1.262120246887207
1.2626041173934937
1.2659837007522583
1.2624508142471313
1.258684515953064
1.265554666519165
1.2632941007614136
1.267736792564392
1.2628592252731323
1.267106056213379
1.262163519859314
1.2820645570755005
1.2614665031433105
1.2640587091445923
1.26884126663208
1.2829731702804565
1.262731909751892
1.268427848815918
1.2629514932632446
1.2605986595153809
1.2592365741729736
1.2659428119659424
1.2611087560653687
1.2672927379608154
1.2623611688613892
1.2638306617736816
1.2633558511734009
1.2624964714050293
1.2643226385116577
1.2654622793197632
1.2623847723007202
1.266064167022705
1.2651556730270386
1.260962724685669
1.262170672416687
1.2675920724868774
1.2592923641204834
1.2617641687393188
1.2738498449325562
1.2598729133605957
1.261780858039856
1.265214443206787
1.2625184059143066
1.2655388116836548
1.2616649866104126
1.2614965438842773
1.26217520236969
1.2758713960647583
1.2635051012039185
1.2630395889282227
1.2680332660675049
1.256864070892334
1.260930061340332
1.26205313205719
1.2701387405395508
1.2648698091506958
1.2605698108673096
1.2648608684539795
1.2641726732254028
1.2600129842758179
1.2690129280090332
1.2632733583450317
1.2658913135528564
1.264638900756836
1.262750506401062
1.2668286561965942
1.2616580724716187
1.2672752141952515
1.2602964639663696
1.2680994272232056
1.2637325525283813
1.267871379852295
1.262017011642456
1.2622438669204712
1.2669521570205688
1.265365719795227
1.2641221284866333
1.2616690397262573
1.25912344455719
1.2595220804214478
1.2616239786148071
1.2657727003097534
1.2686562538146973
1.2623835802078247
1.2635712623596191
1.2608671188354492
1.2633205652236938
1.265630841255188
1.2656158208847046
1.2668414115905762
1.2654027938842773
1.2625638246536255
1.264238715171814
1.2661038637161255
1.2631043195724487
1.2614800930023193
1.2608033418655396
1.2607461214065552
1.2650842666625977
1.262837529182434
1.2692971229553223
1.2648041248321533
1.2644623517990112
1.2567907571792603
1.265009880065918
1.2611536979675293
1.2726901769638062
1.2978723049163818
1.2676302194595337
1.2650783061981201
1.2603065967559814
1.274965763092041
1.2642101049423218
1.2705377340316772
1.2717195749282837
1.2663220167160034
1.2688148021697998
1.262035846710205
1.2659573554992676
1.2726941108703613
1.2574938535690308
1.2645219564437866
1.2601174116134644
1.262684941291809
1.273057460784912
1.2700562477111816
1.265859842300415
1.263871431350708
1.2628097534179688
1.2649712562561035
1.2615231275558472
1.2648985385894775
1.263910174369812
1.2657698392868042
1.2573493719100952
1.2644438743591309
1.2659249305725098
1.2570115327835083
1.2620387077331543
1.2608906030654907
1.2649725675582886
1.2617863416671753
1.2678452730178833
1.2718185186386108
1.2604033946990967
1.2671023607254028
1.2654173374176025
1.2650278806686401
1.2637121677398682
1.2722727060317993
1.2617686986923218
1.2604286670684814
1.2609976530075073
1.2610243558883667
1.2677289247512817
1.2602936029434204
1.2610790729522705
1.2782663106918335
1.2683731317520142
1.2610008716583252
1.2643742561340332
1.262298345565796
1.2644106149673462
1.2611138820648193
1.2687400579452515
1.2634844779968262
1.2626490592956543
1.2613451480865479
1.2675650119781494
1.259010672569275
1.2606076002120972
1.2617672681808472
1.2725006341934204
1.2675018310546875
1.2650704383850098
1.2636674642562866
1.260974645614624
1.268349051475525
1.2614119052886963
1.2647513151168823
1.270504355430603
1.2750211954116821
1.2699834108352661
1.2623690366744995
1.2620885372161865
1.2717136144638062
1.2601819038391113
1.260015845298767
1.2611892223358154
1.2660850286483765
1.2587486505508423
1.2653557062149048
1.2686880826950073
1.25764000415802
1.2638663053512573
1.2608524560928345
1.2644188404083252
1.2586807012557983
1.2609120607376099
1.2708463668823242
1.2761417627334595
1.2605748176574707
1.2641983032226562
1.2624727487564087
1.2625240087509155
1.2642003297805786
1.2553688287734985
1.2627800703048706
1.2837326526641846
1.26961088180542
1.2689580917358398
1.2642338275909424
1.2633668184280396
1.2610021829605103
1.2622907161712646
1.2610878944396973
1.260832667350769
1.2639720439910889
1.2610700130462646
1.2643622159957886
1.2641619443893433
1.2617027759552002
1.2692286968231201
1.2648619413375854
1.2634772062301636
1.2614489793777466
1.260585069656372
1.2560791969299316
1.264248251914978
1.2642840147018433
1.261649489402771
1.2653344869613647
1.2644710540771484
1.265335202217102
1.26019287109375
1.2600047588348389
1.2673559188842773
1.273250699043274
1.260290503501892
1.2634167671203613
1.261979579925537
1.270636796951294
1.257386326789856
1.261675238609314
1.2633861303329468
1.2651171684265137
1.267702341079712
1.2596373558044434
1.267189383506775
1.2612701654434204
1.261562705039978
1.2641040086746216
1.2688401937484741
1.265025019645691
1.2608473300933838
1.2677356004714966
1.2698570489883423
1.2608494758605957
1.2664268016815186
1.2670751810073853
1.272637963294983
1.2622267007827759
1.2670974731445312
1.27396821975708
1.2648725509643555
1.2577966451644897
1.2603269815444946
1.2602856159210205
1.2603633403778076
1.2658344507217407
1.2702220678329468
1.258536696434021
1.260335087776184
1.260922908782959
1.2650554180145264
1.2649815082550049
1.2726255655288696
1.2675625085830688
1.260729432106018
1.2647874355316162
1.2651365995407104
1.2626545429229736
1.2624754905700684
1.269628643989563
1.26327645778656
1.2578017711639404
1.2631465196609497
1.2584564685821533
1.268794059753418
1.2631529569625854
1.268237829208374
1.2634556293487549
1.2597051858901978
1.2669495344161987
1.2605624198913574
1.267815351486206
1.2621324062347412
1.2649600505828857
1.2566423416137695
1.269834280014038
1.2669955492019653
1.2626227140426636
1.2590237855911255
1.258318305015564
1.2727038860321045
1.2727714776992798
1.2569137811660767
1.2648236751556396
1.2618310451507568
1.2598670721054077
1.2618046998977661
1.2639024257659912
1.2651910781860352
1.2586299180984497
1.25913667678833
1.2605022192001343
1.2598695755004883
1.2713267803192139
1.2640925645828247
1.2627617120742798
1.2645286321640015
1.2611879110336304
1.2638940811157227
1.267677664756775
1.2588847875595093
1.263494849205017
1.2621495723724365
1.26192045211792
1.262364149093628
1.2701510190963745
1.2605687379837036
1.2605193853378296
1.2659363746643066
1.2620376348495483
1.2632538080215454
1.2564787864685059
1.2607853412628174
1.258540153503418
1.261340618133545
1.2697094678878784
1.263414740562439
1.2637338638305664
1.2645450830459595
1.2622184753417969
1.2631877660751343
1.2622417211532593
1.2547070980072021
1.2574331760406494
1.268164038658142
1.2790534496307373
1.2643500566482544
1.2602393627166748
1.2635529041290283
1.260280728340149
1.2575119733810425
1.2761472463607788
1.267494559288025
1.2648921012878418
1.2631008625030518
1.265428066253662
1.2655093669891357
1.2657825946807861
1.2813819646835327
1.262747883796692
1.2585946321487427
1.2602581977844238
1.2628626823425293
1.269066333770752
1.2613730430603027
1.2585957050323486
1.2642054557800293
1.2616347074508667
1.2663708925247192
1.259352684020996
1.2608281373977661
1.2721108198165894
1.2664326429367065
1.258683443069458
1.2616944313049316
1.2608085870742798
1.2628264427185059
1.2647117376327515
1.2598416805267334
1.2731318473815918
1.2583166360855103
1.274762749671936
1.2638206481933594
1.2683491706848145
1.2630687952041626
1.2671879529953003
1.265336036682129
1.2625116109848022
1.2625354528427124
1.2664328813552856
1.2851741313934326
1.2589679956436157
1.257129430770874
1.2632302045822144
1.257040023803711
1.255961298942566
1.2648138999938965
1.2625164985656738
1.2728649377822876
1.2644989490509033
1.261582851409912
1.2622079849243164
1.2611523866653442
1.2598811388015747
1.284907579421997
1.2598823308944702
1.2661489248275757
1.2620609998703003
1.2614028453826904
1.2620168924331665
1.2619129419326782
1.256587266921997
1.2606538534164429
1.2612547874450684
1.2581528425216675
1.2621378898620605
1.2604600191116333
1.26167631149292
1.2687574625015259
1.260686993598938
1.270737648010254
1.2563884258270264
1.257951259613037
1.2616430521011353
1.2636466026306152
1.2610567808151245
1.2688935995101929
1.2619892358779907
1.2563529014587402
1.2708297967910767
1.263439655303955
1.2658212184906006
1.2647299766540527
1.2637842893600464
1.2587347030639648
1.2627631425857544
1.2634592056274414
1.281558871269226
1.2601265907287598
1.2630199193954468
1.259782314300537
1.2693954706192017
1.2682292461395264
1.2665046453475952
1.2694497108459473
1.2629951238632202
1.26619291305542
1.2691924571990967
1.2655878067016602
1.266954779624939
1.2634503841400146
1.2730739116668701
1.2620338201522827
1.2597718238830566
1.2619879245758057
1.2774666547775269
1.257850170135498
1.2737808227539062
1.2598434686660767
1.2652407884597778
1.2628107070922852
1.2691161632537842
1.279899001121521
1.2716090679168701
1.2624887228012085
1.2608312368392944
1.2672209739685059
1.261824369430542
1.2666436433792114
1.2876209020614624
1.262000560760498
1.2702373266220093
1.2602722644805908
1.2601368427276611
1.2607629299163818
1.2669163942337036
1.2711904048919678
1.2629592418670654
1.2631458044052124
1.2618722915649414
1.2602442502975464
1.267669677734375
1.2630054950714111
1.264795184135437
1.2679797410964966
1.2648658752441406
1.2610386610031128
1.2656141519546509
1.2617965936660767
1.2650099992752075
1.2598655223846436
1.2733561992645264
1.2578940391540527
1.2574970722198486
1.2654041051864624
1.2623039484024048
1.2636065483093262
1.2577824592590332
1.2582944631576538
1.2624226808547974
1.2609879970550537
1.2671486139297485
1.2648358345031738
1.2591660022735596
1.2634215354919434
1.2603062391281128
1.2596181631088257
1.262352705001831
1.2606204748153687
1.2707043886184692
1.2560479640960693
1.2626525163650513
1.2660855054855347
1.2573186159133911
1.2585558891296387
1.2593262195587158
1.2602111101150513
1.2627983093261719
1.2625471353530884
1.2652559280395508
1.2596439123153687
1.2609319686889648
1.2585102319717407
1.262019395828247
1.2631380558013916
1.262368083000183
1.2610644102096558
1.2617042064666748
1.267025113105774
1.267225980758667
1.262296438217163
1.263457179069519
1.2633942365646362
1.2605701684951782
1.2660801410675049
1.2623862028121948
1.2625430822372437
1.2690738439559937
1.2591663599014282
1.2652326822280884
1.265926480293274
1.265638828277588
1.2600648403167725
1.2568987607955933
1.2618608474731445
1.2610021829605103
1.2653368711471558
1.265285611152649
1.262379765510559
1.2625744342803955
1.2597392797470093
1.257645845413208
1.262728214263916
1.269690752029419
1.2613407373428345
1.2612817287445068
1.2610011100769043
1.2694567441940308
1.2593145370483398
1.2609275579452515
1.2548844814300537
1.2633916139602661
1.2673941850662231
1.2657476663589478
1.2635990381240845
1.261010766029358
1.2583818435668945
1.2598499059677124
1.2593694925308228
1.262160062789917
1.2606844902038574
1.2700856924057007
1.2642886638641357
1.267612099647522
1.260206699371338
1.2616420984268188
1.270667314529419
1.266485333442688
1.2677969932556152
1.2639907598495483
1.2669215202331543
1.2604233026504517
1.2579554319381714
1.2616499662399292
1.265661597251892
1.2743537425994873
1.2681143283843994
1.2578585147857666
1.2635724544525146
1.261186957359314
1.2610865831375122
1.2583708763122559
1.261506199836731
1.2623705863952637
1.2647095918655396
1.2656710147857666
1.2654728889465332
1.2638212442398071
1.2681350708007812
1.2618962526321411
1.2624356746673584
1.26055908203125
1.256901741027832
1.261818528175354
1.260762333869934
1.263665795326233
1.2578284740447998
1.2612695693969727
1.2617663145065308
1.2559243440628052
1.261945366859436
1.2652875185012817
1.2610111236572266
1.2685728073120117
1.2618497610092163
1.261565089225769
1.264338493347168
1.2607544660568237
1.2693336009979248
1.2583853006362915
1.2624940872192383
1.2623742818832397
1.2614426612854004
1.2695461511611938
1.2625033855438232
1.2598466873168945
1.263763666152954
1.2600975036621094
1.2612254619598389
1.259876012802124
1.2626670598983765
1.2579879760742188
1.256809115409851
1.2624329328536987
1.254398226737976
1.260138750076294
1.272864580154419
1.2595796585083008
1.2598810195922852
1.2621299028396606
1.2622171640396118
1.2617592811584473
1.2614670991897583
1.2625701427459717
1.257859706878662
1.2610024213790894
1.2686325311660767
1.263554573059082
1.2598295211791992
1.2621586322784424
1.2595863342285156
1.261367917060852
1.2620580196380615
1.2617582082748413
1.260392427444458
1.273048996925354
1.2632625102996826
1.2615458965301514
1.2612242698669434
1.2638455629348755
1.2635490894317627
1.2621746063232422
1.2650246620178223
1.2653515338897705
1.2619067430496216
1.2621228694915771
1.2680885791778564
1.2620606422424316
1.2596935033798218
1.2615141868591309
1.2577646970748901
1.2654134035110474
1.2621654272079468
1.264126181602478
1.2625722885131836
1.258286952972412
1.2573717832565308
1.2591108083724976
1.2645872831344604
1.2580686807632446
1.2602262496948242
1.2626311779022217
1.2599310874938965
1.2623810768127441
1.2555416822433472
1.261606216430664
1.2625483274459839
1.266660451889038
1.259511947631836
1.2611457109451294
1.2608249187469482
1.2632490396499634
1.2591054439544678
1.2584688663482666
1.2742550373077393
1.2602720260620117
1.2623339891433716
1.2612758874893188
1.2593295574188232
1.2574801445007324
1.2618144750595093
1.2617665529251099
1.2615448236465454
1.2656760215759277
1.2612241506576538
1.261757731437683
1.263365387916565
1.258758306503296
1.260882019996643
1.257237195968628
1.264318585395813
1.2696877717971802
1.2676937580108643
1.2634403705596924
1.2617332935333252
1.2594692707061768
1.25789213180542
1.2575796842575073
1.2631678581237793
1.2669445276260376
1.2611693143844604
1.2641242742538452
1.2612996101379395
1.262059211730957
1.2607836723327637
1.259718656539917
1.2622524499893188
1.2587246894836426
1.2586275339126587
1.257904052734375
1.2591807842254639
1.2599161863327026
1.2648649215698242
1.2608094215393066
1.2609226703643799
1.2618328332901
1.260249137878418
1.271653413772583
1.263231635093689
1.262006163597107
1.2594788074493408
1.259721040725708
1.2669997215270996
1.2641717195510864
1.2648463249206543
1.2574044466018677
1.2643113136291504
1.2603728771209717
1.264670729637146
1.260036826133728
1.2585543394088745
1.2624832391738892
1.261228322982788
1.261916160583496
1.256300687789917
1.2598644495010376
1.2657272815704346
1.266842246055603
1.2606316804885864
1.2689024209976196
1.2589269876480103
1.2585177421569824
1.2680811882019043
1.2585123777389526
1.264387845993042
1.2728484869003296
1.2608386278152466
1.2709605693817139
1.2650517225265503
1.2597945928573608
1.2629077434539795
1.2566734552383423
1.2611520290374756
1.260816216468811
1.266292929649353
1.2698863744735718
1.2597169876098633
1.266313076019287
1.2638416290283203
1.2612886428833008
1.2581483125686646
1.2611167430877686
1.260175347328186
1.2628302574157715
1.2601410150527954
1.2579116821289062
1.2624926567077637
1.2662439346313477
1.258347511291504
1.2612935304641724
1.2613297700881958
1.2670551538467407
1.259745478630066
1.263282299041748
1.2559187412261963
1.2649246454238892
1.266128420829773
1.2631850242614746
1.2594135999679565
1.2617082595825195
1.2632441520690918
1.2577005624771118
1.2612757682800293
1.258697271347046
1.2691036462783813
1.261183500289917
1.2597765922546387
1.2616842985153198
1.2575782537460327
1.2573742866516113
1.2660363912582397
1.2760626077651978
1.260608434677124
1.2579805850982666
1.2672171592712402
1.2619123458862305
1.2656883001327515
1.2582051753997803
1.2650281190872192
1.2621628046035767
1.2633551359176636
1.2590093612670898
1.2661004066467285
1.25979745388031
1.2585867643356323
1.26106595993042
1.263742446899414
1.2615629434585571
1.268322467803955
1.2582917213439941
1.270552396774292
1.2628977298736572
1.2610286474227905
1.2629371881484985
1.2612920999526978
1.2611184120178223
1.2603906393051147
1.257857084274292
1.2625982761383057
1.2584044933319092
1.2573997974395752
1.2681248188018799
1.2611757516860962
1.2614933252334595
1.2634445428848267
1.2619467973709106
1.2652254104614258
1.2593836784362793
1.2594873905181885
1.258925437927246
1.2575204372406006
1.259589672088623
1.2660797834396362
1.261206030845642
1.2712295055389404
1.2642109394073486
1.2611415386199951
1.260045051574707
1.2582498788833618
1.260982871055603
1.2641412019729614
1.2623690366744995
1.260530948638916
1.2570865154266357
1.2658401727676392
1.2584125995635986
1.2658337354660034
1.2644809484481812
1.2642326354980469
1.2618542909622192
1.2610124349594116
1.2668812274932861
1.2597932815551758
1.2734049558639526
1.2702929973602295
1.2528936862945557
1.2634518146514893
1.2585232257843018
1.2617384195327759
1.2631973028182983
1.2614625692367554
1.261141300201416
1.260766863822937
1.2618935108184814
1.2680530548095703
1.2637017965316772
1.2598636150360107
1.265424132347107
1.2653237581253052
1.2624993324279785
1.2571349143981934
1.2615842819213867
1.2598060369491577
1.2587260007858276
1.2611254453659058
1.2611926794052124
1.2621445655822754
1.2609750032424927
1.2665495872497559
1.265316367149353
1.258346676826477
1.2605071067810059
1.2601404190063477
1.2581180334091187
1.2569087743759155
1.2569817304611206
1.2574893236160278
1.2628132104873657
1.2639580965042114
1.2732033729553223
1.2575887441635132
1.262203335762024
1.25899338722229
1.2586910724639893
1.2710206508636475
1.2690263986587524
1.2667564153671265
1.2623335123062134
1.265822410583496
1.2667332887649536
1.2560720443725586
1.2650049924850464
1.2722082138061523
1.2786604166030884
1.263813853263855
1.2639518976211548
1.2673444747924805
1.2569316625595093
1.259361982345581
1.2640926837921143
1.2582650184631348
1.2634745836257935
1.2661586999893188
1.2684311866760254
1.2626227140426636
1.262419581413269
1.2627501487731934
1.2574679851531982
1.2634562253952026
1.2623051404953003
1.2565521001815796
1.2688413858413696
1.2591872215270996
1.264585256576538
1.2627532482147217
1.2597641944885254
1.2654039859771729
1.2666325569152832
1.256401538848877
1.2606967687606812
1.2586673498153687
1.2574154138565063
1.2571755647659302
1.2657132148742676
1.2618926763534546
1.2602711915969849
1.260405421257019
1.2645487785339355
1.2551231384277344
1.2643083333969116
1.265504240989685
1.2619071006774902
1.2615251541137695
1.2599536180496216
1.2668042182922363
1.2649331092834473
1.2610000371932983
1.2580517530441284
1.2567447423934937
1.2626887559890747
1.2563613653182983
1.2663298845291138
1.2615694999694824
1.2682850360870361
1.2602908611297607
1.256090521812439
1.2619733810424805
1.2634752988815308
1.2607096433639526
1.258653163909912
1.2625027894973755
1.2659300565719604
1.2581454515457153
1.2564417123794556
1.2587265968322754
1.2596278190612793
1.260866403579712
1.2591973543167114
1.266491174697876
1.267869234085083
1.267494797706604
1.265964150428772
1.2593094110488892
1.2601678371429443
1.2605493068695068
1.2597582340240479
1.2604129314422607
1.2623333930969238
1.2658404111862183
1.2572048902511597
1.263404130935669
1.2610434293746948
1.2663997411727905
1.2624386548995972
1.2602015733718872
1.2562047243118286
1.262977957725525
1.2668941020965576
1.269153118133545
1.2649191617965698
1.2629051208496094
1.2611513137817383
1.25919508934021
1.261305809020996
1.2603566646575928
1.2601234912872314
1.2555967569351196
1.2608686685562134
1.2750686407089233
1.2684468030929565
1.2580842971801758
1.260516881942749
1.261945366859436
1.261332631111145
1.259983777999878
1.261570930480957
1.2631449699401855
1.2597812414169312
1.2615301609039307
1.265982747077942
1.2617874145507812
1.2594987154006958
1.2585164308547974
1.2602338790893555
1.2646714448928833
1.263096809387207
1.259353518486023
1.2585262060165405
1.255845308303833
1.2608104944229126
1.2604038715362549
1.2632249593734741
1.2554301023483276
1.2635903358459473
1.264129638671875
1.2598698139190674
1.2622302770614624
1.2803016901016235
1.2622499465942383
1.2581263780593872
1.264894723892212
1.2676215171813965
1.2611567974090576
1.266258716583252
1.2672544717788696
1.2614288330078125
1.2633397579193115
1.2624651193618774
1.2630828619003296
1.2636194229125977
1.2597558498382568
1.2601772546768188
1.258117437362671
1.2627760171890259
1.2589033842086792
1.2601404190063477
1.259412407875061
1.2656774520874023
1.2613428831100464
1.2595497369766235
1.2591973543167114
1.2592816352844238
1.2635504007339478
1.2616113424301147
1.2616465091705322
1.261278510093689
1.2593438625335693
1.2661174535751343
1.2711762189865112
1.2599670886993408
1.2671873569488525
1.2587535381317139
1.2595425844192505
1.264660358428955
1.2589706182479858
1.2657713890075684
1.2660841941833496
1.262032151222229
1.2556672096252441
1.2698713541030884
1.262998104095459
1.2577760219573975
1.2633057832717896
1.2631709575653076
1.2686247825622559
1.259000301361084
1.2630529403686523
1.2646697759628296
1.2703214883804321
1.2605187892913818
1.2570903301239014
1.2674510478973389
1.2600113153457642
1.2696588039398193
1.2601054906845093
1.2660177946090698
1.2589534521102905
1.2603682279586792
1.2605773210525513
1.2605966329574585
1.2592642307281494
1.2604155540466309
1.263556718826294
1.262048602104187
1.26052725315094
1.2646902799606323
1.2658131122589111
1.258110761642456
1.2664510011672974
1.2617363929748535
1.2604188919067383
1.2616093158721924
1.254135251045227
1.2661964893341064
1.2603602409362793
1.261285662651062
1.2630327939987183
1.265573501586914
1.2619383335113525
1.2672125101089478
1.2632724046707153
1.2587528228759766
1.2591584920883179
1.2668347358703613
1.2617450952529907
1.262200117111206
1.2609065771102905
1.2585797309875488
1.262149691581726
1.2593406438827515
1.2562191486358643
1.2608851194381714
1.2608485221862793
1.2568778991699219
1.258924126625061
1.2605106830596924
1.263002634048462
1.2635821104049683
1.264397144317627
1.2598475217819214
1.2590396404266357
1.2622791528701782
1.260848045349121
1.2716853618621826
1.258866786956787
1.2613089084625244
1.258578896522522
1.2653872966766357
1.2593872547149658
1.2618201971054077
1.2594242095947266
1.2628896236419678
1.2571723461151123
1.2633764743804932
1.2585995197296143
1.2678033113479614
1.2574810981750488
1.261492133140564
1.2582563161849976
1.2727130651474
1.2650253772735596
1.259795904159546
1.2615569829940796
1.2635010480880737
1.260326862335205
1.2623291015625
1.2589085102081299
1.2754205465316772
1.2677104473114014
1.2597730159759521
1.2628880739212036
1.2593203783035278
1.2596030235290527
1.2575610876083374
1.2621005773544312
1.2610368728637695
1.2719682455062866
1.2633235454559326
1.2593278884887695
1.263413429260254
1.2637438774108887
1.2616177797317505
1.2615940570831299
1.2622321844100952
1.2576874494552612
1.2703455686569214
1.2612998485565186
1.2595665454864502
1.261562466621399
1.258960247039795
1.2591379880905151
1.2623355388641357
1.2805207967758179
1.2624849081039429
1.2647989988327026
1.2650039196014404
1.2598639726638794
1.257508635520935
1.2592253684997559
1.260859727859497
1.2641292810440063
1.2621058225631714
1.265824317932129
1.2625011205673218
1.2650651931762695
1.2596087455749512
1.267958402633667
1.256039023399353
1.2591583728790283
1.259089708328247
1.266003131866455
1.2588521242141724
1.2589728832244873
1.2667405605316162
1.2666970491409302
1.2658599615097046
1.2594884634017944
1.2726596593856812
1.2579456567764282
1.2600904703140259
1.2627426385879517
1.2628343105316162
1.2628085613250732
1.2643992900848389
1.265187382698059
1.2589398622512817
1.2649025917053223
1.2551279067993164
1.2595503330230713
1.2592171430587769
1.2591584920883179
1.2601616382598877
1.2671535015106201
1.2592064142227173
1.2565181255340576
1.2618381977081299
1.2661769390106201
1.2608226537704468
1.2634546756744385
1.2685563564300537
1.266446590423584
1.2616790533065796
1.2589443922042847
1.2651649713516235
1.2645641565322876
1.2728689908981323
1.258144497871399
1.2667725086212158
1.2708739042282104
1.268081545829773
1.2632319927215576
1.2593369483947754
1.260536551475525
1.2565826177597046
1.2638671398162842
1.2644060850143433
1.2595199346542358
1.2597112655639648
1.2648695707321167
1.2607417106628418
1.2599873542785645
1.2701725959777832
1.264426350593567
1.262302041053772
1.2604470252990723
1.2653899192810059
1.2573871612548828
1.2566404342651367
1.2584949731826782
1.2650046348571777
1.2586506605148315
1.2645550966262817
1.255224585533142
1.2616486549377441
1.2610968351364136
1.260009765625
1.255497932434082
1.263654112815857
1.2598519325256348
1.2632536888122559
1.2638673782348633
1.263484239578247
1.2641505002975464
1.2620161771774292
1.2592238187789917
1.262336015701294
1.2615094184875488
1.262131690979004
1.2614251375198364
1.2653281688690186
1.2560145854949951
1.2637288570404053
1.2599633932113647
1.2631149291992188
1.2618657350540161
1.2591270208358765
1.2575676441192627
1.264252781867981
1.259330153465271
1.258071780204773
1.2598265409469604
1.2619943618774414
1.260687232017517
1.262547254562378
1.2629237174987793
1.2588783502578735
1.2800484895706177
1.261452555656433
1.2605363130569458
1.2656344175338745
1.2644410133361816
1.2638167142868042
1.2602603435516357
1.2647080421447754
1.2638739347457886
1.2591444253921509
1.2609690427780151
1.263641357421875
1.2590965032577515
1.2586169242858887
1.2623363733291626
1.2638534307479858
1.2595845460891724
1.2589126825332642
1.257446527481079
1.2651432752609253
1.2595828771591187
1.261067509651184
1.2639822959899902
1.2596638202667236
1.2609707117080688
1.2560837268829346
1.2642183303833008
1.265034556388855
1.2654370069503784
1.258288860321045
1.2602401971817017
1.2597664594650269
1.2761199474334717
1.2577104568481445
1.2563624382019043
1.2568050622940063
1.2615463733673096
1.2596441507339478
1.2573152780532837
1.264207363128662
1.2621948719024658
1.2557755708694458
1.262532114982605
1.2600224018096924
1.2617270946502686
1.2619719505310059
1.2619202136993408
1.262892484664917
1.2593410015106201
1.2615638971328735
1.2613295316696167
1.2743312120437622
1.2622010707855225
1.2646292448043823
1.260108232498169
1.2573789358139038
1.2630654573440552
1.2604260444641113
1.2615073919296265
1.2603219747543335
1.2687088251113892
1.2674152851104736
1.2652044296264648
1.2662616968154907
1.2661707401275635
1.2622151374816895
1.267624020576477
1.2601546049118042
1.2592687606811523
1.258544921875
1.253280758857727
1.2665199041366577
1.2722111940383911
1.2605355978012085
1.256914496421814
1.2552038431167603
1.2585490942001343
1.259151577949524
1.2623332738876343
1.273892879486084
1.2575470209121704
1.2684763669967651
1.2605336904525757
1.258400321006775
1.265150785446167
1.259437918663025
1.2589004039764404
1.2573463916778564
1.2630921602249146
1.2691731452941895
1.2654309272766113
1.2587436437606812
1.2574362754821777
1.2619374990463257
1.2615028619766235
1.25974702835083
1.2581738233566284
1.2650094032287598
1.2729694843292236
1.2716063261032104
1.2606245279312134
1.2599644660949707
1.2601652145385742
1.2601947784423828
1.2609426975250244
1.2611656188964844
1.2585278749465942
1.2575470209121704
1.267292857170105
1.2676173448562622
1.2648556232452393
1.2650060653686523
1.260416865348816
1.2607585191726685
1.2570855617523193
1.2654786109924316
1.2587227821350098
1.2542123794555664
1.2616790533065796
1.2623759508132935
1.2623794078826904
1.2622507810592651
1.2589924335479736
1.2590875625610352
1.2623176574707031
1.2599518299102783
1.2613229751586914
1.2649418115615845
1.2712823152542114
1.2578418254852295
1.2613977193832397
1.26395845413208
1.2633390426635742
1.2599494457244873
1.2645155191421509
1.2584959268569946
1.2605124711990356
1.2650871276855469
1.2735539674758911
1.2646141052246094
1.259281039237976
1.2628406286239624
1.2600765228271484
1.2658151388168335
1.2617838382720947
1.2575867176055908
1.2614718675613403
1.2652136087417603
1.2596040964126587
1.2639325857162476
1.2586420774459839
1.264351487159729
1.2596834897994995
1.2588932514190674
1.2625319957733154
1.2626947164535522
1.2611048221588135
1.261946201324463
1.262251615524292
1.261754035949707
1.2564821243286133
1.26116144657135
1.2603120803833008
1.2608163356781006
1.2656241655349731
1.2655056715011597
1.2581753730773926
1.261579155921936
1.2630014419555664
1.2592452764511108
1.2594316005706787
1.261238694190979
1.261742353439331
1.2583366632461548
1.2639786005020142
1.2584675550460815
1.263600468635559
1.2593764066696167
1.2647912502288818
1.2608177661895752
1.2610647678375244
1.2620207071304321
1.261354923248291
1.261244297027588
1.2583545446395874
1.257722020149231
1.2611777782440186
1.265101671218872
1.2633388042449951
1.2678589820861816
1.2605432271957397
1.259001612663269
1.2564116716384888
1.2608109712600708
1.2622451782226562
1.2662605047225952
1.2631919384002686
1.2579816579818726
1.2610074281692505
1.2640619277954102
1.2609308958053589
1.2637779712677002
1.2737858295440674
1.2602499723434448
1.2593307495117188
1.2581267356872559
1.2632945775985718
1.2701610326766968
1.2594728469848633
1.260626196861267
1.262132167816162
1.2579585313796997
1.2590892314910889
1.2700092792510986
1.2733080387115479
1.2613835334777832
1.2655869722366333
1.2625035047531128
1.2565823793411255
1.2591396570205688
1.2621889114379883
1.266221523284912
1.262322187423706
1.256994605064392
1.2662365436553955
1.263343095779419
1.2650340795516968
1.2570271492004395
1.2639201879501343
1.258739948272705
1.2611039876937866
1.2682759761810303
1.2621687650680542
1.2600789070129395
1.258543610572815
1.2603858709335327
1.2586523294448853
1.2612711191177368
1.2628158330917358
1.2622137069702148
1.2610540390014648
1.2628532648086548
1.2573753595352173
1.2575159072875977
1.256651520729065
1.2596023082733154
1.260908842086792
1.2598639726638794
1.2581830024719238
1.2549442052841187
1.2575010061264038
1.257430076599121
1.2585973739624023
1.25395929813385
1.2580194473266602
1.259377121925354
1.258540391921997
1.2633278369903564
1.2592986822128296
1.2629817724227905
1.2575422525405884
1.256924033164978
1.259639024734497
1.259229302406311
1.2659069299697876
1.2628744840621948
1.2617267370224
1.264334797859192
1.2593340873718262
1.2578232288360596
1.2694529294967651
1.2586058378219604
1.2702994346618652
1.2587748765945435
1.2606024742126465
1.258450984954834
1.260093331336975
1.2570053339004517
1.2571327686309814
1.263879418373108
1.2629748582839966
1.2653632164001465
1.2619657516479492
1.263716220855713
1.2647626399993896
1.2582603693008423
1.2659480571746826
1.2598758935928345
1.2646174430847168
1.2635371685028076
1.2605440616607666
1.259160041809082
1.267507791519165
1.2599904537200928
1.259537935256958
1.2622981071472168
1.2661197185516357
1.2645424604415894
1.2569957971572876
1.2602894306182861
1.2700178623199463
1.2570677995681763
1.264042854309082
1.2615325450897217
1.2632617950439453
1.2659236192703247
1.2629035711288452
1.2591071128845215
1.260908842086792
1.2630060911178589
1.2644168138504028
1.2586230039596558
1.2638858556747437
1.2555919885635376
1.2638977766036987
1.259302020072937
1.2618699073791504
1.2560904026031494
1.2608445882797241
1.2568527460098267
1.2589892148971558
1.2571616172790527
1.2580876350402832
1.2583847045898438
1.2562528848648071
1.2586355209350586
1.2587460279464722
1.2570085525512695
1.2602756023406982
1.2584500312805176
1.2607338428497314
1.261788010597229
1.2620036602020264
1.2571864128112793
1.260554552078247
1.2585082054138184
1.2561285495758057
1.2585963010787964
1.2629841566085815
1.2664014101028442
1.2594510316848755
1.2594656944274902
1.2584325075149536
1.268223524093628
1.2761387825012207
1.2582333087921143
1.2596135139465332
1.2623090744018555
1.260754108428955
1.2590017318725586
1.2624930143356323
1.2608189582824707
1.260283350944519
1.2634316682815552
1.2651597261428833
1.2626359462738037
1.265374779701233
1.2597602605819702
1.260786771774292
1.2716230154037476
1.2711628675460815
1.2633707523345947
1.2657012939453125
1.2532918453216553
1.2621946334838867
1.2584561109542847
1.2553938627243042
1.265561819076538
1.2662991285324097
1.274897813796997
1.254157543182373
1.2581206560134888
1.2562164068222046
1.2650893926620483
1.2608197927474976
1.2612950801849365
1.255894422531128
1.2724425792694092
1.2568875551223755
1.258073091506958
1.262657880783081
1.2615541219711304
1.257714867591858
1.264910340309143
1.259352207183838
1.2627376317977905
1.2576298713684082
1.2639667987823486
1.2593305110931396
1.2675727605819702
1.2575364112854004
1.2587199211120605
1.2618459463119507
1.2595317363739014
1.2601523399353027
1.261452555656433
1.2571221590042114
1.262686014175415
1.2613664865493774
1.2620497941970825
1.2574450969696045
1.259200096130371
1.2609779834747314
1.259068250656128
1.2606178522109985
1.258323073387146
1.2584238052368164
1.2650598287582397
1.2568696737289429
1.2600281238555908
1.2603836059570312
1.264919638633728
1.259171724319458
1.2583510875701904
1.2614779472351074
1.2625864744186401
1.2603739500045776
1.2631914615631104
1.259590983390808
1.2625763416290283
1.2580853700637817
1.2627688646316528
1.2602006196975708
1.2734025716781616
1.2604314088821411
1.2604718208312988
1.2544318437576294
1.2607338428497314
1.2635515928268433
1.258595585823059
1.2602488994598389
1.2734315395355225
1.2569966316223145
1.261091947555542
1.2594126462936401
1.2590854167938232
1.2700459957122803
1.2606303691864014
1.2590185403823853
1.262694001197815
1.2598735094070435
1.2584279775619507
1.2578502893447876
1.2572641372680664
1.2644542455673218
1.261383056640625
1.264195203781128
1.258795142173767
1.2640759944915771
1.257481336593628
1.2633161544799805
1.261024832725525
1.258867621421814
1.2597466707229614
1.260982871055603
1.2648910284042358
1.2604402303695679
1.2655032873153687
1.2619227170944214
1.259872317314148
1.2592159509658813
1.2575974464416504
1.2610156536102295
1.2550190687179565
1.2585833072662354
1.2591147422790527
1.2597784996032715
1.2660962343215942
1.2612650394439697
1.2591795921325684
1.2652491331100464
1.2548437118530273
1.2538954019546509
1.286489725112915
1.2660601139068604
1.2649444341659546
1.264733910560608
1.2604918479919434
1.2588696479797363
1.263660192489624
1.264195203781128
1.2581700086593628
1.2753260135650635
1.2554278373718262
1.2592434883117676
1.2675319910049438
1.2615265846252441
1.2649403810501099
1.2604304552078247
1.2628177404403687
1.2668765783309937
1.2591207027435303
1.2614823579788208
1.2704830169677734
1.2607382535934448
1.2593324184417725
1.2601913213729858
1.273726224899292
1.2811198234558105
1.2602885961532593
1.259596586227417
1.262202501296997
1.2573376893997192
1.269720435142517
1.264980673789978
1.2588531970977783
1.2594867944717407
1.2598053216934204
1.257167100906372
1.2675422430038452
1.2593672275543213
1.2678511142730713
1.2633333206176758
1.262519359588623
1.266108751296997
1.2641676664352417
1.2631944417953491
1.2592289447784424
1.2628761529922485
1.2605373859405518
1.2612850666046143
1.273114800453186
1.2635924816131592
1.264305591583252
1.2578562498092651
1.2655831575393677
1.2609920501708984
1.2643048763275146
1.258412480354309
1.2612580060958862
1.2625930309295654
1.2741888761520386
1.2630614042282104
1.2585159540176392
1.256645917892456
1.2614035606384277
1.2616021633148193
1.2604986429214478
1.264309287071228
1.2609856128692627
1.2615619897842407
1.2598347663879395
1.2606219053268433
1.2631816864013672
1.2620761394500732
1.2627744674682617
1.2606055736541748
1.258359432220459
1.2670485973358154
1.2608230113983154
1.262621283531189
1.2605335712432861
1.2609813213348389
1.2665066719055176
1.2630380392074585
1.2658878564834595
1.257607340812683
1.2626417875289917
1.2634422779083252
1.2596104145050049
1.2689812183380127
1.2591720819473267
1.259566307067871
1.2608599662780762
1.2566237449645996
1.2601969242095947
1.2599071264266968
1.2608064413070679
1.2627488374710083
1.262290596961975
1.2629550695419312
1.261425495147705
1.2604689598083496
1.2575230598449707
1.2606377601623535
1.2561265230178833
1.2588551044464111
1.2600728273391724
1.2614433765411377
1.2719721794128418
1.2603377103805542
1.2606500387191772
1.2515044212341309
1.2595279216766357
1.2672632932662964
1.2592320442199707
1.2592097520828247
1.2603471279144287
1.264148473739624
1.2597521543502808
1.2662817239761353
1.2621883153915405
1.2635611295700073
1.258609414100647
1.256505012512207
1.2655863761901855
1.2610206604003906
1.2687405347824097
1.2628144025802612
1.2590826749801636
1.2597358226776123
1.257088303565979
1.2573585510253906
1.2624446153640747
1.2631444931030273
1.2702820301055908
1.2630537748336792
1.2680225372314453
1.2613784074783325
1.2576863765716553
1.2602486610412598
1.2565891742706299
1.2605197429656982
1.258259892463684
1.2610548734664917
1.2648375034332275
1.2622392177581787
1.261073112487793
1.2562308311462402
1.2700324058532715
1.2669917345046997
1.2584103345870972
1.2636256217956543
1.2568042278289795
1.257173776626587
1.2613314390182495
1.2630817890167236
1.2670505046844482
1.2657848596572876
1.2594420909881592
1.2615158557891846
1.2608671188354492
1.2639248371124268
1.2603135108947754
1.2653499841690063
1.2580938339233398
1.2566518783569336
1.2630292177200317
1.2697968482971191
1.2601404190063477
1.2579922676086426
1.2604237794876099
1.2571806907653809
1.2661147117614746
1.2673132419586182
1.2679414749145508
1.26573646068573
1.2602343559265137
1.2603999376296997
1.263636827468872
1.2594687938690186
1.267488956451416
1.2625998258590698
1.2598661184310913
1.2604563236236572
1.2600096464157104
1.2567453384399414
1.260533094406128
1.2642958164215088
1.2644532918930054
1.2566702365875244
1.259208083152771
1.2594351768493652
1.2569482326507568
1.2567802667617798
1.2620681524276733
1.258904218673706
1.2604928016662598
1.2630096673965454
1.2596124410629272
1.261242389678955
1.2605892419815063
1.26178777217865
1.257935643196106
1.2639377117156982
1.263065218925476
1.257914423942566
1.2545878887176514
1.2575019598007202
1.2563412189483643
1.266139268875122
1.2558090686798096
1.2611712217330933
1.2614696025848389
1.2614266872406006
1.2595913410186768
1.2572693824768066
1.260582447052002
1.2590965032577515
1.2583246231079102
1.2592722177505493
1.259435772895813
1.2627379894256592
1.2613587379455566
1.2562255859375
1.257757306098938
1.2559301853179932
1.2585206031799316
1.2563384771347046
1.2582021951675415
1.2583545446395874
1.2633922100067139
1.2601238489151
1.2599138021469116
1.2619991302490234
1.2620964050292969
1.2587718963623047
1.264054775238037
1.2611362934112549
1.2576292753219604
1.2659283876419067
1.2613813877105713
1.259148359298706
1.2596664428710938
1.2659335136413574
1.2635140419006348
1.2584621906280518
1.259483814239502
1.2624832391738892
1.261986494064331
1.2608848810195923
1.2676469087600708
1.2595884799957275
1.2634958028793335
1.2568464279174805
1.2610665559768677
1.2642700672149658
1.2571758031845093
1.2597988843917847
1.2639144659042358
1.2602545022964478
1.2598302364349365
1.2639716863632202
1.264967679977417
1.2632927894592285
1.260849952697754
1.2561860084533691
1.268025279045105
1.2666107416152954
1.2585327625274658
1.2607585191726685
1.2583965063095093
1.259602427482605
1.2594770193099976
1.2552006244659424
1.258934736251831
1.258504033088684
1.2598602771759033
1.2614829540252686
1.2606016397476196
1.2628066539764404
1.25618314743042
1.2666491270065308
1.265334963798523
1.2586023807525635
1.2646987438201904
1.2567617893218994
1.2558711767196655
1.2600594758987427
1.257262945175171
1.255236268043518
1.2595175504684448
1.2796225547790527
1.260366439819336
1.2580567598342896
1.2646807432174683
1.2600361108779907
1.2598165273666382
1.2590703964233398
1.2601507902145386
1.2563129663467407
1.2591805458068848
1.2582693099975586
1.2645518779754639
1.2629412412643433
1.259476900100708
1.2599142789840698
1.2603216171264648
1.2656245231628418
1.259255051612854
1.2592750787734985
1.2586268186569214
1.261844277381897
1.2562137842178345
1.2591497898101807
1.2592624425888062
1.2636637687683105
1.2581983804702759
1.2588003873825073
1.2622414827346802
1.2638336420059204
1.2620501518249512
1.2648069858551025
1.2586497068405151
1.2630287408828735
1.2638373374938965
1.2587918043136597
1.263818621635437
1.2598308324813843
1.2579349279403687
1.262030839920044
1.2611491680145264
1.2671945095062256
1.2617378234863281
1.263290524482727
1.2635092735290527
1.2585769891738892
1.264115333557129
1.25827956199646
1.2675014734268188
1.2688281536102295
1.2642040252685547
1.26309072971344
1.261294960975647
1.259473443031311
1.2620935440063477
1.2596120834350586
1.2629649639129639
1.260404109954834
1.2588518857955933
1.259534478187561
1.261455774307251
1.2632112503051758
1.2609117031097412
1.260269045829773
1.2600516080856323
1.2604997158050537
1.2618441581726074
1.2598848342895508
1.2570033073425293
1.2599873542785645
1.2584936618804932
1.2567838430404663
1.2607394456863403
1.2614234685897827
1.2683194875717163
1.2586851119995117
1.2580256462097168
1.2608860731124878
1.2600078582763672
1.2577154636383057
1.2661354541778564
1.2613213062286377
1.2574008703231812
1.2583726644515991
1.2571343183517456
1.2609258890151978
1.2615571022033691
1.2578539848327637
1.254880666732788
1.2587406635284424
1.2690998315811157
1.2576409578323364
1.2582900524139404
1.2594021558761597
1.2596921920776367
1.2602322101593018
1.2641717195510864
1.2626436948776245
1.261336326599121
1.2579267024993896
1.2601914405822754
1.2632976770401
1.2635200023651123
1.26052725315094
1.2604235410690308
1.2565393447875977
1.2615373134613037
1.2616891860961914
1.2574737071990967
1.2638744115829468
1.2639399766921997
1.2609628438949585
1.267852783203125
1.261722445487976
1.2631001472473145
1.2591884136199951
1.2601115703582764
1.2667492628097534
1.2820407152175903
1.2568438053131104
1.256929636001587
1.265381097793579
1.2605254650115967
1.2603472471237183
1.25899076461792
1.2637460231781006
1.269909381866455
1.2595690488815308
1.2642194032669067
1.2601407766342163
1.2586785554885864
1.258082628250122
1.260442852973938
1.266548991203308
1.2549693584442139
1.2603654861450195
1.2599000930786133
1.2606278657913208
1.25997793674469
1.2597203254699707
1.2607486248016357
1.257970929145813
1.2588472366333008
1.2568129301071167
1.2602041959762573
1.2604376077651978
1.2616616487503052
1.2872167825698853
1.2577475309371948
1.2528018951416016
1.2615528106689453
1.2621039152145386
1.2564566135406494
1.2771663665771484
1.2650854587554932
1.2623862028121948
1.2726527452468872
1.2578643560409546
1.261134386062622
1.2653436660766602
1.2618399858474731
1.2621099948883057
1.2658482789993286
1.2593685388565063
1.2693251371383667
1.2571274042129517
1.2604914903640747
1.2623389959335327
1.2696335315704346
1.2624784708023071
1.265123724937439
1.2613335847854614
1.2560665607452393
1.2588555812835693
1.2605772018432617
1.2600228786468506
1.2602459192276
1.26559579372406
1.2593783140182495
1.263490080833435
1.261675238609314
1.2613213062286377
1.2575539350509644
1.262511134147644
1.2613765001296997
1.2616697549819946
1.261104941368103
1.256422519683838
1.262830138206482
1.264663577079773
1.256162405014038
1.2715340852737427
1.2553646564483643
1.2658088207244873
1.2577128410339355
1.2639373540878296
1.2540278434753418
1.2594798803329468
1.262494683265686
1.2603999376296997
1.265209674835205
1.2634354829788208
1.259620189666748
1.257522463798523
1.2592647075653076
1.2604413032531738
1.2664304971694946
1.2617267370224
1.2621972560882568
1.2560029029846191
1.2586628198623657
1.2623639106750488
1.257236361503601
1.2607420682907104
1.262000322341919
1.2623637914657593
1.2611392736434937
1.260627031326294
1.262865424156189
1.2564045190811157
1.2618739604949951
1.2598016262054443
1.2602015733718872
1.2576731443405151
1.259863257408142
1.2582224607467651
1.2582799196243286
1.2703795433044434
1.258857250213623
1.2575485706329346
1.2612303495407104
1.2615330219268799
1.2626419067382812
1.267676830291748
1.2567850351333618
1.2580530643463135
1.2597756385803223
1.2663284540176392
1.2584402561187744
1.2577570676803589
1.261043906211853
1.2549018859863281
1.2630953788757324
1.2603381872177124
1.2618608474731445
1.2602561712265015
1.2688226699829102
1.2569812536239624
1.2603052854537964
1.2574442625045776
1.2600542306900024
1.257033348083496
1.2614004611968994
1.2631133794784546
1.256995439529419
1.2618592977523804
1.265226125717163
1.2667309045791626
1.2593075037002563
1.25827956199646
1.2585657835006714
1.2620726823806763
1.2638027667999268
1.261494755744934
1.2591058015823364
1.2637159824371338
1.2602763175964355
1.2661709785461426
1.2648475170135498
1.2563413381576538
1.2613656520843506
1.2584093809127808
1.2796289920806885
1.2600804567337036
1.2623597383499146
1.2594990730285645
1.2673817873001099
1.2737232446670532
1.2613818645477295
1.2658336162567139
1.2728923559188843
1.2631772756576538
1.2591744661331177
1.2596900463104248
1.2605502605438232
1.267892599105835
1.2641352415084839
1.2694584131240845
1.260952353477478
1.260027527809143
1.261427640914917
1.261871337890625
1.257670283317566
1.2575229406356812
1.2580746412277222
1.2596074342727661
1.2618242502212524
1.2560237646102905
1.2605774402618408
1.2631934881210327
1.2575584650039673
1.257557988166809
1.2589670419692993
1.2657698392868042
1.2692757844924927
1.2596855163574219
1.2635948657989502
1.2591185569763184
1.2601077556610107
1.2597064971923828
1.2660174369812012
1.267082691192627
1.2582424879074097
1.2585214376449585
1.2552211284637451
1.2607547044754028
1.2601264715194702
1.2587175369262695
1.2573586702346802
1.2558099031448364
1.2581723928451538
1.2588367462158203
1.2622987031936646
1.2565628290176392
1.2644106149673462
1.2630707025527954
1.2565521001815796
1.2636300325393677
1.263624668121338
1.2583253383636475
1.2607300281524658
1.265823483467102
1.2602689266204834
1.256745457649231
1.259108304977417
1.2624564170837402
1.2568118572235107
1.2625575065612793
1.2594512701034546
1.2576638460159302
1.25753915309906
1.2602734565734863
1.2624685764312744
1.2622346878051758
1.2611801624298096
1.2646564245224
1.2604297399520874
1.2588199377059937
1.2579859495162964
1.257784128189087
1.258232593536377
1.2625935077667236
1.2623109817504883
1.256670355796814
1.2606793642044067
1.2580567598342896
1.2605265378952026
1.25886869430542
1.2658153772354126
1.2615240812301636
1.2639087438583374
1.2682234048843384
1.2595202922821045
1.2629189491271973
1.2575883865356445
1.2621456384658813
1.2655360698699951
1.256087303161621
1.2586320638656616
1.2638754844665527
1.2573617696762085
1.263931155204773
1.2584116458892822
1.2645304203033447
1.2642074823379517
1.2613651752471924
1.2568491697311401
1.2600317001342773
1.2609268426895142
1.2618975639343262
1.2572177648544312
1.2613972425460815
1.258806586265564
1.2620891332626343
1.262819528579712
1.2613199949264526
1.2643831968307495
1.2616982460021973
1.2572379112243652
1.2629214525222778
1.261581540107727
1.2579022645950317
1.2597604990005493
1.2637712955474854
1.2654550075531006
1.260591983795166
1.257505178451538
1.2639740705490112
1.2668986320495605
1.2629438638687134
1.2574383020401
1.261033296585083
1.2570258378982544
1.2577987909317017
1.2634224891662598
1.2633845806121826
1.262941837310791
1.2586158514022827
1.2602802515029907
1.2630622386932373
1.2647967338562012
1.2612395286560059
1.2588773965835571
1.2570924758911133
1.2599200010299683
1.2632675170898438
1.2613589763641357
1.2574200630187988
1.2596102952957153
1.2618783712387085
1.262500524520874
1.2601574659347534
1.2552024126052856
1.2605009078979492
1.2567024230957031
1.2605714797973633
1.2608611583709717
1.259192943572998
1.2677043676376343
1.2578229904174805
1.2584670782089233
1.2628430128097534
1.2575287818908691
1.262582540512085
1.2639309167861938
1.2574973106384277
1.259432315826416
1.262110710144043
1.261128544807434
1.2587382793426514
1.2600622177124023
1.2629449367523193
1.2602299451828003
1.2581970691680908
1.259007215499878
1.2592066526412964
1.2605128288269043
1.257046103477478
1.2576075792312622
1.2589963674545288
1.2559505701065063
1.2585471868515015
1.2600295543670654
1.2671202421188354
1.2555912733078003
1.2585147619247437
1.2550920248031616
1.2634227275848389
1.2567222118377686
1.261154294013977
1.2587370872497559
1.2612757682800293
1.2622722387313843
1.257798194885254
1.2654026746749878
1.2599998712539673
1.2599987983703613
1.2569886445999146
1.2615700960159302
1.263737440109253
1.259047031402588
1.2646222114562988
1.264657735824585
1.2592406272888184
1.2609390020370483
1.25761079788208
1.261204481124878
1.2621897459030151
1.2571871280670166
1.2555674314498901
1.2598767280578613
1.2581679821014404
1.2599906921386719
1.2571109533309937
1.2574485540390015
1.256730079650879
1.2597873210906982
1.255246877670288
1.2566527128219604
1.26131010055542
1.2569947242736816
1.2584298849105835
1.2610806226730347
1.2574152946472168
1.2589083909988403
1.2622721195220947
1.260603427886963
1.262784481048584
1.2572617530822754
1.265977382659912
1.260118842124939
1.2577232122421265
1.2561445236206055
1.2610564231872559
1.2638717889785767
1.2578109502792358
1.2698968648910522
1.2571008205413818
1.2596886157989502
1.2605445384979248
1.2608180046081543
1.2604167461395264
1.2623648643493652
1.2592798471450806
1.2579092979431152
1.264852523803711
1.2589993476867676
1.2602287530899048
1.2593977451324463
1.2573965787887573
1.258609652519226
1.2576764822006226
1.260408878326416
1.259722113609314
1.2547252178192139
1.2587165832519531
1.2588474750518799
1.2612055540084839
1.2585625648498535
1.2566609382629395
1.2632722854614258
1.2572815418243408
1.2590389251708984
1.264540195465088
1.2623661756515503
1.260796070098877
1.259589433670044
1.2631535530090332
1.264206051826477
1.2554796934127808
1.2650063037872314
1.2596323490142822
1.2577602863311768
1.2626960277557373
1.25779390335083
1.2612358331680298
1.2562048435211182
1.2640677690505981
1.258600115776062
1.2580034732818604
1.2630419731140137
1.2608033418655396
1.2551977634429932
1.2654390335083008
1.2581688165664673
1.2594751119613647
1.259892225265503
1.2634207010269165
1.2630946636199951
1.25675630569458
1.256099820137024
1.2596409320831299
1.2604044675827026
1.2582015991210938
1.2594125270843506
1.264021635055542
1.2664998769760132
1.256659984588623
1.2585318088531494
1.260028600692749
1.2583569288253784
1.2601715326309204
1.2589770555496216
1.2671518325805664
1.266200304031372
1.2647417783737183
1.259619116783142
1.2599232196807861
1.2638599872589111
1.2629156112670898
1.2603449821472168
1.2706953287124634
1.260590672492981
1.258122444152832
1.2581559419631958
1.2566794157028198
1.2592025995254517
1.2701531648635864
1.2643545866012573
1.258864402770996
1.2605388164520264
1.2588419914245605
1.2576638460159302
1.2585967779159546
1.2537747621536255
1.2626701593399048
1.2593592405319214
1.2582364082336426
1.2573292255401611
1.2583072185516357
1.2560633420944214
1.2580363750457764
1.2564735412597656
1.2596908807754517
1.2638095617294312
1.2641922235488892
1.2561002969741821
1.2642489671707153
1.2615541219711304
1.2606902122497559
1.2600728273391724
1.25933039188385
1.2588826417922974
1.2572972774505615
1.2600330114364624
1.259944200515747
1.261301875114441
1.2567404508590698
1.254297137260437
1.2576380968093872
1.2621148824691772
1.2596114873886108
1.2572373151779175
1.2604347467422485
1.262401819229126
1.2652571201324463
1.2590280771255493
1.2566906213760376
1.257473349571228
1.2603052854537964
1.2638678550720215
1.260279893875122
1.256616234779358
1.259409785270691
1.2589694261550903
1.2576231956481934
1.2602838277816772
1.2577875852584839
1.2654845714569092
1.2564505338668823
1.2552263736724854
1.2635823488235474
1.2623223066329956
1.256587266921997
1.258226752281189
1.263169527053833
1.2592276334762573
1.2606710195541382
1.263967514038086
1.2599265575408936
1.2634154558181763
1.2602452039718628
1.2627930641174316
1.258169412612915
1.2601549625396729
1.2567135095596313
1.2584770917892456
1.2564529180526733
1.2645336389541626
1.257101058959961
1.2649822235107422
1.255887746810913
1.2610044479370117
1.2558001279830933
1.2621147632598877
1.2593529224395752
1.2553610801696777
1.264329195022583
1.2573622465133667
1.2651703357696533
1.2590274810791016
1.2583949565887451
1.254117488861084
1.2604756355285645
1.2646183967590332
1.2591805458068848
1.2560508251190186
1.2550071477890015
1.2618786096572876
1.2613766193389893
1.261728048324585
1.2655998468399048
1.2612570524215698
1.256920337677002
1.2662498950958252
1.2651485204696655
1.2626477479934692
1.2627633810043335
1.2623101472854614
1.2594579458236694
1.2597464323043823
1.264452338218689
1.2583458423614502
1.2607662677764893
1.2562909126281738
1.2618091106414795
1.2627032995224
1.2608352899551392
1.257112979888916
1.2631340026855469
1.25748872756958
1.2595133781433105
1.2616820335388184
1.2582398653030396
1.2583496570587158
1.2598011493682861
1.261777400970459
1.2664194107055664
1.2584861516952515
1.2567708492279053
1.25810706615448
1.253827691078186
1.2597625255584717
1.2619532346725464
1.263667345046997
1.265848994255066
1.2609587907791138
1.2569403648376465
1.265505313873291
1.257514476776123
1.262181282043457
1.2580788135528564
1.2627490758895874
1.257423758506775
1.258589744567871
1.26226806640625
1.2638102769851685
1.2640033960342407
1.2576349973678589
1.2648701667785645
1.2592573165893555
1.2593374252319336
1.2602909803390503
1.262179970741272
1.2599619626998901
1.2568821907043457
1.259423851966858
1.2598869800567627
1.2694430351257324
1.261793613433838
1.2561403512954712
1.2598693370819092
1.2609479427337646
1.2590605020523071
1.2655102014541626
1.265278935432434
1.2564784288406372
1.2649681568145752
1.259859561920166
1.2594696283340454
1.257317304611206
1.2605611085891724
1.2599129676818848
1.2583307027816772
1.2602137327194214
1.2680025100708008
1.268337368965149
1.260328769683838
1.258567452430725
1.256813645362854
1.2594521045684814
1.2603540420532227
1.2614977359771729
1.2639065980911255
1.257345199584961
1.2570643424987793
1.2643219232559204
1.264418363571167
1.2567590475082397
1.2582305669784546
1.2582669258117676
1.2546448707580566
1.2643665075302124
1.2595852613449097
1.2585813999176025
1.2572118043899536
1.2583048343658447
1.2571862936019897
1.2627676725387573
1.2588965892791748
1.2605853080749512
1.2561473846435547
1.259192943572998
1.2617086172103882
1.2633795738220215
1.2563323974609375
1.263482689857483
1.2616866827011108
1.2588260173797607
1.2664724588394165
1.2580342292785645
1.2630417346954346
1.2626042366027832
1.258325219154358
1.2593107223510742
1.260661244392395
1.2560498714447021
1.2602431774139404
1.257887363433838
1.259786605834961
1.2547848224639893
1.2557960748672485
1.2542588710784912
1.2594773769378662
1.2643382549285889
1.2570929527282715
1.2573158740997314
1.2579083442687988
1.2642302513122559
1.2554609775543213
1.2612261772155762
1.262426733970642
1.2587863206863403
1.2592469453811646
1.2560861110687256
1.260703682899475
1.2622839212417603
1.2635033130645752
1.2635257244110107
1.265455722808838
1.2589006423950195
1.2625728845596313
1.256274700164795
1.2540833950042725
1.2542853355407715
1.2658883333206177
1.2583413124084473
1.2604870796203613
1.2595105171203613
1.2581772804260254
1.2592781782150269
1.2598165273666382
1.2580335140228271
1.2572981119155884
1.2558625936508179
1.2639684677124023
1.2580512762069702
1.2580260038375854
1.265871524810791
1.2598943710327148
1.266586184501648
1.260778784751892
1.251091718673706
1.260054111480713
1.2650803327560425
1.2578426599502563
1.2577701807022095
1.2546278238296509
1.2691130638122559
1.2679847478866577
1.2517870664596558
1.2603756189346313
1.260373830795288
1.254663109779358
1.259913444519043
1.255767583847046
1.2568774223327637
1.2620331048965454
1.2605019807815552
1.2570608854293823
1.2578309774398804
1.263289213180542
1.2605706453323364
1.2577848434448242
1.2586294412612915
1.2623051404953003
1.259793758392334
1.2600451707839966
1.2610039710998535
1.2591012716293335
1.2628049850463867
1.261888861656189
1.259849190711975
1.258089542388916
1.2592512369155884
1.2658308744430542
1.2637466192245483
1.2647703886032104
1.2585864067077637
1.2573986053466797
1.2598199844360352
1.2579699754714966
1.2589093446731567
1.2552194595336914
1.258620262145996
1.2608288526535034
1.2558990716934204
1.2628000974655151
1.259513258934021
1.2593134641647339
1.2574063539505005
1.257672667503357
1.2598532438278198
1.2624387741088867
1.2604799270629883
1.2636584043502808
1.2613096237182617
1.2606834173202515
1.2572543621063232
1.2607414722442627
1.260718822479248
1.2579853534698486
1.259476900100708
1.2578598260879517
1.2571849822998047
1.2588833570480347
1.2570464611053467
1.2538012266159058
1.2566442489624023
1.2618850469589233
1.2577968835830688
1.2567814588546753
1.2587754726409912
1.2595667839050293
1.261500597000122
1.256516695022583
1.256087303161621
1.2593270540237427
1.2557389736175537
1.261000156402588
1.256261944770813
1.2605646848678589
1.261905312538147
1.261499047279358
1.2561044692993164
1.2606720924377441
1.259980320930481
1.2577382326126099
1.2591675519943237
1.2633306980133057
1.2580420970916748
1.2555713653564453
1.2583436965942383
1.260563611984253
1.2644747495651245
1.2581454515457153
1.2630373239517212
1.2592536211013794
1.2609504461288452
1.2601962089538574
1.2575583457946777
1.2605782747268677
1.2555488348007202
1.2583788633346558
1.2557958364486694
1.2607040405273438
1.2620000839233398
1.2565361261367798
1.2579365968704224
1.2603288888931274
1.257236123085022
1.2574334144592285
1.260627269744873
1.2579811811447144
1.2569578886032104
1.2579071521759033
1.2571371793746948
1.2577183246612549
1.2562729120254517
1.2632262706756592
1.2573086023330688
1.2612409591674805
1.2544276714324951
1.2615420818328857
1.2583144903182983
1.2744213342666626
1.2658848762512207
1.2573037147521973
1.261796474456787
1.2572742700576782
1.2626354694366455
1.2564090490341187
1.2569952011108398
1.2563045024871826
1.2563670873641968
1.2597167491912842
1.2591475248336792
1.2565501928329468
1.2564609050750732
1.2632684707641602
1.2604968547821045
1.2649818658828735
1.2572413682937622
1.2606121301651
1.2616938352584839
1.2565975189208984
1.2650196552276611
1.2599108219146729
1.2584279775619507
1.2562859058380127
1.2563482522964478
1.25969660282135
1.2624380588531494
1.2618365287780762
1.2566279172897339
1.2576470375061035
1.2585235834121704
1.262542724609375
1.2555253505706787
1.2571645975112915
1.258644461631775
1.2634449005126953
1.2605116367340088
1.2617239952087402
1.2580212354660034
1.257401466369629
1.26388418674469
1.2557698488235474
1.260360598564148
1.2588847875595093
1.2596049308776855
1.2583518028259277
1.254105806350708
1.2602847814559937
1.2613376379013062
1.2588584423065186
1.2626121044158936
1.259597897529602
1.261866807937622
1.2572052478790283
1.2648733854293823
1.2572052478790283
1.2595826387405396
1.259151816368103
1.2601741552352905
1.264758586883545
1.26096773147583
1.255549669265747
1.2608562707901
1.2600935697555542
1.259788990020752
1.258731484413147
1.2582306861877441
1.2586172819137573
1.2558884620666504
1.258968710899353
1.259781002998352
1.2608054876327515
1.2585088014602661
1.2547870874404907
1.2619519233703613
1.2631586790084839
1.263566493988037
1.2590117454528809
1.2603033781051636
1.2616719007492065
1.2591084241867065
1.2556082010269165
1.2600586414337158
1.2655540704727173
1.2564632892608643
1.259757399559021
1.2604678869247437
1.2572658061981201
1.2572659254074097
1.255886197090149
1.2642924785614014
1.260308027267456
1.2588551044464111
1.2675120830535889
1.2577271461486816
1.2546547651290894
1.260328769683838
1.2599992752075195
1.2566425800323486
1.2582155466079712
1.2533159255981445
1.2600722312927246
1.2577934265136719
1.2553218603134155
1.2592253684997559
1.263027548789978
1.2570040225982666
1.262007236480713
1.2554668188095093
1.2593480348587036
1.2601279020309448
1.2595152854919434
1.2606183290481567
1.2570891380310059
1.2615573406219482
1.262176752090454
1.2613261938095093
1.2594945430755615
1.263420820236206
1.2610491514205933
1.259692668914795
1.2615861892700195
1.2593857049942017
1.2617487907409668
1.2549993991851807
1.2563917636871338
1.2601656913757324
1.2591577768325806
1.2564151287078857
1.2579753398895264
1.2581080198287964
1.2573368549346924
1.2573291063308716
1.2581220865249634
1.262203335762024
1.2556071281433105
1.2614543437957764
1.267307162284851
1.2624856233596802
1.2620820999145508
1.25968599319458
1.2566341161727905
1.2575490474700928
1.263884425163269
1.257509708404541
1.256286382675171
1.2542636394500732
1.2561942338943481
1.257735013961792
1.2612403631210327
1.2609329223632812
1.2584865093231201
1.258813738822937
1.260541558265686
1.2627086639404297
1.2605552673339844
1.2610197067260742
1.2599033117294312
1.2603453397750854
1.2603152990341187
1.2606682777404785
1.2559332847595215
1.2590219974517822
1.2574130296707153
1.2632216215133667
1.2571643590927124
1.2566741704940796
1.2576671838760376
1.2574238777160645
1.261967658996582
1.2610249519348145
1.2597874402999878
1.262026071548462
1.2578250169754028
1.2588289976119995
1.259505033493042
1.2593276500701904
1.2613946199417114
1.260886788368225
1.258886456489563
1.2684326171875
1.2635210752487183
1.2661290168762207
1.2570254802703857
1.2563477754592896
1.2714561223983765
1.2645957469940186
1.25813627243042
1.2620644569396973
1.2624130249023438
1.2632594108581543
1.2598388195037842
1.2584797143936157
1.2600899934768677
1.2620412111282349
1.2583677768707275
1.2655575275421143
1.2603405714035034
1.2590938806533813
1.2630783319473267
1.2626326084136963
1.2591769695281982
1.2562373876571655
1.2622690200805664
1.2584292888641357
1.259596824645996
1.2618829011917114
1.2607603073120117
1.2590302228927612
1.2590970993041992
1.2590727806091309
1.2588064670562744
1.2583327293395996
1.2608054876327515
1.2626904249191284
1.2569137811660767
1.2574020624160767
1.2610313892364502
1.2603687047958374
1.257436990737915
1.2618190050125122
1.259735345840454
1.2629636526107788
1.260379672050476
1.25602388381958
1.2574406862258911
1.2589224576950073
1.2598248720169067
1.2628597021102905
1.264785647392273
1.2573148012161255
1.2576141357421875
1.2630763053894043
1.2565865516662598
1.259513258934021
1.2593623399734497
1.257562279701233
1.2591265439987183
1.2573271989822388
1.2633439302444458
1.2587789297103882
1.2638660669326782
1.2583788633346558
1.256994605064392
1.263573169708252
1.2599138021469116
1.2598448991775513
1.2599866390228271
1.2635968923568726
1.2546038627624512
1.2601447105407715
1.2552387714385986
1.2629071474075317
1.257610559463501
1.2618225812911987
1.2589548826217651
1.263270616531372
1.2561002969741821
1.2566806077957153
1.2568260431289673
1.2570714950561523
1.2572028636932373
1.2605654001235962
1.257474660873413
1.2594292163848877
1.278712511062622
1.2578202486038208
1.2588216066360474
1.2599756717681885
1.2612463235855103
1.2661558389663696
1.2653744220733643
1.2557320594787598
1.2604881525039673
1.2606287002563477
1.2603123188018799
1.2658205032348633
1.2585057020187378
1.2611347436904907
1.2607307434082031
1.2611355781555176
1.265308141708374
1.259866714477539
1.2573704719543457
1.2569102048873901
1.257624626159668
1.2602055072784424
1.2592439651489258
1.2621175050735474
1.259294033050537
1.2571979761123657
1.260786533355713
1.2614706754684448
1.261193871498108
1.2558724880218506
1.2577083110809326
1.2563283443450928
1.2599411010742188
1.2605358362197876
1.2609386444091797
1.257086157798767
1.2558883428573608
1.259925127029419
1.2566591501235962
1.2569184303283691
1.2571730613708496
1.259759783744812
1.2612385749816895
1.259220838546753
1.260037899017334
1.2660795450210571
1.2586747407913208
1.2630321979522705
1.257818579673767
1.2564189434051514
1.2622785568237305
1.2593022584915161
1.2567394971847534
1.2545737028121948
1.2648749351501465
1.257328987121582
1.26162850856781
1.2596278190612793
1.2611879110336304
1.2589490413665771
1.2577611207962036
1.260094165802002
1.2576457262039185
1.258813500404358
1.2520753145217896
1.2613539695739746
1.2563905715942383
1.2635467052459717
1.2588776350021362
1.2607474327087402
1.2584182024002075
1.264376163482666
1.2606163024902344
1.2582238912582397
1.2689590454101562
1.259474277496338
1.2598824501037598
1.2595409154891968
1.2627460956573486
1.2628581523895264
1.2579063177108765
1.2620130777359009
1.261758804321289
1.260847568511963
1.259813904762268
1.2553422451019287
1.2585804462432861
1.265407681465149
1.2639771699905396
1.2594410181045532
1.2599843740463257
1.259259581565857
1.260657787322998
1.2580355405807495
1.260717749595642
1.259198784828186
1.2613848447799683
1.2610688209533691
1.2584904432296753
1.2537479400634766
1.2554720640182495
1.2674057483673096
1.2603482007980347
1.2588785886764526
1.2640666961669922
1.257705807685852
1.2621954679489136
1.2595347166061401
1.259292721748352
1.2663313150405884
1.2598848342895508
1.2618159055709839
1.2608994245529175
1.256805658340454
1.2569913864135742
1.2610152959823608
1.2581908702850342
1.2603944540023804
1.2573221921920776
1.2660624980926514
1.2612390518188477
1.2568479776382446
1.26167631149292
1.2592030763626099
1.2569583654403687
1.2590373754501343
1.256624698638916
1.2605488300323486
1.2592849731445312
1.2590867280960083
1.2584216594696045
1.2728321552276611
1.2599197626113892
1.262998342514038
1.2583922147750854
1.257932186126709
1.2599910497665405
1.2651448249816895
1.257299780845642
1.2575924396514893
1.2618117332458496
1.2658547163009644
1.258500099182129
1.2550201416015625
1.2584919929504395
1.2542685270309448
1.2588729858398438
1.254862666130066
1.2603352069854736
1.2646067142486572
1.2636197805404663
1.2544598579406738
1.2594263553619385
1.2621902227401733
1.261111855506897
1.259859561920166
1.2599983215332031
1.2578027248382568
1.256819486618042
1.2580779790878296
1.260911226272583
1.261963129043579
1.2625391483306885
1.2594473361968994
1.2587133646011353
1.2600198984146118
1.2636616230010986
1.2535958290100098
1.2596856355667114
1.2577879428863525
1.258324384689331
1.257631540298462
1.2621815204620361
1.2608908414840698
1.2587286233901978
1.2612452507019043
1.2603166103363037
1.2576327323913574
1.2571041584014893
1.2588677406311035
1.258069634437561
1.257370948791504
1.2574281692504883
1.2579677104949951
1.2587854862213135
1.257478952407837
1.2606863975524902
1.26546049118042
1.2604548931121826
1.2622957229614258
1.2564127445220947
1.2634228467941284
1.2580418586730957
1.2595210075378418
1.256731390953064
1.2565739154815674
1.2569347620010376
1.2604788541793823
1.2575504779815674
1.2603949308395386
1.256784200668335
1.260794997215271
1.2577863931655884
1.2583489418029785
1.2580976486206055
1.25729501247406
1.2665925025939941
1.2630695104599
1.2582966089248657
1.2603322267532349
1.2597987651824951
1.2552865743637085
1.262808918952942
1.2547799348831177
1.2627861499786377
1.2608951330184937
1.2658309936523438
1.2590281963348389
1.2579115629196167
1.2546088695526123
1.2660545110702515
1.2585387229919434
1.2618248462677002
1.2588845491409302
1.26204514503479
1.2577580213546753
1.2570782899856567
1.2631765604019165
